		1119
1.00000065876E+03 3.45915933143E+17 1.00000104365E+00 5.97040375333E+26 
1.872849077574142e+09 1.844145460885801e+27 1.000141067268386e+00 1.259000000000000e+33 
2.105372225635094e+09 2.039530664867873e+27 1.000250505109917e+00 1.413000000000000e+33 
2.363926709485018e+09 2.289611079673405e+27 1.000374979884348e+00 1.585000000000000e+33 
2.652733826819423e+09 2.570042594126638e+27 1.000498713626335e+00 1.778000000000000e+33 
2.963350982247290e+09 3.256420066367864e+27 1.000771668577642e+00 1.995000000000000e+33 
3.330603881756570e+09 3.398690845966460e+27 1.000822179946230e+00 2.239000000000000e+33 
3.739366208605021e+09 3.787564310202623e+27 1.000943886031750e+00 2.512000000000000e+33 
4.200191207031415e+09 4.568472811554917e+27 1.001162928566764e+00 2.818000000000000e+33 
4.717300174731263e+09 5.039547170670268e+27 1.001280880279221e+00 3.162000000000000e+33 
5.287175363624973e+09 5.820455672022561e+27 1.001454797927934e+00 3.548000000000000e+33 
5.937958758349272e+09 6.357923061617257e+27 1.001561586891454e+00 3.981000000000000e+33 
6.659097114665384e+09 7.306394925607895e+27 1.001727958783589e+00 4.466999999999999e+33 
7.450590432573316e+09 9.905207832942254e+27 1.002138075590283e+00 5.012000000000000e+33 
8.368722681346515e+09 1.152077157460631e+28 1.002366610439853e+00 5.623000000000000e+33 
9.385351876348253e+09 1.366115641434519e+28 1.002635528767569e+00 6.310000000000000e+33 
1.053213775029486e+10 1.540950621696793e+28 1.002831745142391e+00 7.079000000000000e+33 
1.181963354742509e+10 1.724005691446987e+28 1.003014342069830e+00 7.943000000000000e+33 
1.326191026005732e+10 1.969027589644569e+28 1.003231599905126e+00 8.912999999999998e+33 
1.488007437666908e+10 2.390465254544410e+28 1.003565837833436e+00 1.000000000000000e+34 
1.670930337805630e+10 2.651611174429833e+28 1.003750636066662e+00 1.122000000000000e+34 
1.874607951613938e+10 3.124266319985168e+28 1.004048149754428e+00 1.259000000000000e+34 
2.103965126403257e+10 3.452437584925930e+28 1.004232657027709e+00 1.413000000000000e+34 
2.361464285829304e+10 3.942481381321094e+28 1.004477392814257e+00 1.585000000000000e+34 
2.649216078739832e+10 4.511564499715478e+28 1.004732800726253e+00 1.778000000000000e+34 
2.967924054750758e+10 4.593765394594667e+28 1.004765510625987e+00 1.995000000000000e+34 
3.336584053491874e+10 6.247268010818350e+28 1.005347848984036e+00 2.239000000000000e+34 
3.746401704764202e+10 7.135669990089583e+28 1.005629720689829e+00 2.512000000000000e+34 
4.200191207031416e+10 8.163181176079442e+28 1.005919014813224e+00 3.162000000000000e+34 
5.283657615545382e+10 9.807199073663217e+28 1.006303623223213e+00 3.548000000000000e+34 
5.941476506428862e+10 1.436934873945820e+29 1.007213642882529e+00 3.981000000000000e+34 
6.666132610824567e+10 1.522297341704977e+29 1.007365791121766e+00 4.467000000000000e+34 
7.478732417210039e+10 1.743291286014796e+29 1.007715817785938e+00 5.012000000000000e+34 
8.382793673664877e+10 1.818536720558054e+29 1.007822100105220e+00 5.623000000000001e+34 
9.427564853303345e+10 2.675639128317596e+29 1.008894186921847e+00 6.310000000000001e+34 
1.058138622340913e+11 3.121104747105200e+29 1.009396163968874e+00 7.079000000000001e+34 
1.187239976861895e+11 3.578900500124682e+29 1.009852116671311e+00 7.943000000000000e+34 
1.333930071780832e+11 4.442009896356165e+29 1.010619777821864e+00 8.912999999999999e+34 
1.496801807865886e+11 4.985800431710798e+29 1.011051405447628e+00 1.000000000000000e+35 
1.680428257620526e+11 5.943757014341345e+29 1.011726679548140e+00 1.122000000000000e+35 
1.887271844700464e+11 7.100892688409925e+29 1.012455454137864e+00 1.259000000000000e+35 
2.118036118721621e+11 8.115757582879911e+29 1.013024848567742e+00 1.413000000000000e+35 
2.379053026227259e+11 9.570081107665559e+29 1.013751119535860e+00 1.585000000000000e+35 
2.669619017601458e+11 1.111609024597030e+30 1.014439005628907e+00 1.778000000000000e+35 
2.998880237851157e+11 1.342087687546756e+30 1.015350959723531e+00 1.995000000000000e+35 
3.372465083903700e+11 1.720844118567018e+30 1.016690942579606e+00 2.239000000000000e+35 
3.781579185560110e+11 1.882716650021420e+30 1.017202052915442e+00 2.512000000000000e+35 
4.249439680145687e+11 2.292772652553374e+30 1.018351046883697e+00 2.818000000000000e+35 
4.770066395925125e+11 2.638964882909957e+30 1.019217116091781e+00 3.162000000000000e+35 
5.361048073296380e+11 3.159675936240819e+30 1.020373902769656e+00 3.548000000000000e+35 
6.029420208418632e+11 3.983581828760688e+30 1.022009522348234e+00 3.981000000000000e+35 
6.761111808973518e+11 4.419878886196383e+30 1.022781362991178e+00 4.467000000000000e+35 
7.601853599995720e+11 5.466359509466056e+30 1.024425146922237e+00 5.012000000000000e+35 
8.548127833405646e+11 6.737311807213513e+30 1.026211581757796e+00 5.623000000000000e+35 
9.585863516884932e+11 7.363303237447335e+30 1.026994601134919e+00 6.310000000000000e+35 
1.077838011586621e+12 9.054744728230645e+30 1.028874204184182e+00 7.079000000000000e+35 
1.211160663803113e+12 1.092639587317217e+31 1.030734261578676e+00 7.943000000000000e+35 
1.359609632761844e+12 1.249453602163670e+31 1.032122275597432e+00 8.913000000000000e+35 
1.527406216158326e+12 1.482461523417370e+31 1.033956976273217e+00 1.000000000000000e+36 
1.716309288032351e+12 1.781546317862419e+31 1.036060407878830e+00 1.122000000000000e+36 
1.927374172807800e+12 2.036369091987904e+31 1.037656983441548e+00 1.259000000000000e+36 
2.166229267412015e+12 2.441682735199905e+31 1.039917554209304e+00 1.413000000000000e+36 
2.433929896268875e+12 2.890309926867478e+31 1.042153443944549e+00 1.585000000000000e+36 
2.730827834186338e+12 3.253258493487896e+31 1.043764779077599e+00 1.778000000000000e+36 
3.066772775787260e+12 3.850795767801998e+31 1.046126536611834e+00 1.995000000000000e+36 
3.447393117998985e+12 4.625381123394355e+31 1.048864157345295e+00 2.239000000000000e+36 
3.869522887549880e+12 5.197625814668709e+31 1.050666143841509e+00 2.512000000000000e+36 
4.351454374453820e+12 6.247268010818349e+31 1.053606411089487e+00 2.818000000000000e+36 
4.889669830631212e+12 7.518220308565806e+31 1.056791616696425e+00 3.162000000000000e+36 
5.484169256082058e+12 8.324421392957851e+31 1.058594378349026e+00 3.548000000000000e+36 
6.159576887363491e+12 9.778744917743498e+31 1.061483461251832e+00 3.981000000000000e+36 
6.936999212953059e+12 1.210566255740054e+32 1.065622399861765e+00 4.466999999999999e+36 
7.770705507816078e+12 1.304464970275127e+32 1.067113311933614e+00 5.012000000000000e+36 
8.738086229703549e+12 1.578889496256419e+32 1.070992732962849e+00 5.623000000000000e+36 
9.796928401660381e+12 1.740129713134828e+32 1.073030000827867e+00 6.309999999999999e+36 
1.102462248143757e+13 2.110033740091177e+32 1.077186943156841e+00 7.079000000000000e+36 
1.240709747671675e+13 2.564984077518688e+32 1.081764279801272e+00 7.943000000000000e+36 
1.389510491438366e+13 2.791036538436457e+32 1.083791088923685e+00 8.913000000000000e+36 
1.566101445033824e+13 3.439791293406055e+32 1.088964696488913e+00 1.000000000000000e+37 
1.763798887106827e+13 4.201730357478536e+32 1.094401130468430e+00 1.122000000000000e+37 
1.978029745153907e+13 4.663319997953980e+32 1.097336407699425e+00 1.259000000000000e+37 
2.227086309188936e+13 5.652892309384215e+32 1.102947039033215e+00 1.413000000000000e+37 
2.500063560165182e+13 6.332630478577507e+32 1.106387058241347e+00 1.585000000000000e+37 
2.817364436944272e+13 7.767984566083342e+32 1.112850801681213e+00 1.778000000000000e+37 
3.177933615102329e+13 9.573242680545527e+32 1.120121428660930e+00 1.995000000000000e+37 
3.559961056545890e+13 1.049958353437639e+33 1.123462769616130e+00 2.239000000000000e+37 
3.989126322255968e+13 1.162510347964528e+33 1.127082320049651e+00 2.512000000000000e+37 
4.467540061080316e+13 1.275694657067411e+33 1.130344846026295e+00 2.818000000000000e+37 
5.002237769178118e+13 1.401209100402172e+33 1.133584228379828e+00 3.162000000000000e+37 
5.607290438867736e+13 1.554229227792662e+33 1.137122501121482e+00 3.548000000000000e+37 
6.279180322069579e+13 1.709462456199130e+33 1.140337556496182e+00 3.980999999999999e+37 
7.042531655340780e+13 1.900105300861249e+33 1.143871844608301e+00 4.467000000000000e+37 
7.886791194442577e+13 2.095806662131318e+33 1.147120130103924e+00 5.011999999999999e+37 
8.843618672091272e+13 2.337666987448931e+33 1.150713674874054e+00 5.623000000000000e+37 
9.902460844048100e+13 2.589012031406451e+33 1.154057528402048e+00 6.309999999999999e+37 
1.110553068726816e+14 2.903272375675350e+33 1.157798427420997e+00 7.079000000000000e+37 
1.245282820175143e+14 3.269066357887739e+33 1.161696165465317e+00 7.943000000000000e+37 
1.395138888365711e+14 3.664262967883840e+33 1.165464163323008e+00 8.913000000000000e+37 
1.564694345801988e+14 4.170114628678848e+33 1.169778861683732e+00 1.000000000000000e+38 
1.755004516907851e+14 4.773975048752889e+33 1.174388268732894e+00 1.122000000000000e+38 
1.966772951299217e+14 5.469521082346026e+33 1.179138353004532e+00 1.259000000000000e+38 
2.206683370327309e+14 6.367407780257165e+33 1.184623876172528e+00 1.413000000000000e+38 
2.476846422839882e+14 7.486604579766120e+33 1.190738995307611e+00 1.585000000000000e+38 
2.779372757684692e+14 8.899827657112174e+33 1.197645733381156e+00 1.778000000000000e+38 
3.117428348133368e+14 1.062288487669517e+34 1.205139909506669e+00 1.823920000000000e+38 
3.133149164301059e+14 1.075933836219462e+34 1.205704020859338e+00 1.842940000000000e+38 
3.167091915521030e+14 1.107884691744427e+34 1.207014832371450e+00 1.861790000000000e+38 
3.200760282390794e+14 1.140132735120109e+34 1.208324363721885e+00 1.880470000000000e+38 
3.234171853650748e+14 1.172671643200747e+34 1.209632455114892e+00 1.899000000000000e+38 
3.267326629300891e+14 1.205504577559224e+34 1.210939374290130e+00 1.917360000000000e+38 
3.300242198081622e+14 1.238625215049777e+34 1.212245003409738e+00 1.935580000000000e+38 
3.332918559992941e+14 1.272030394099527e+34 1.213549347359482e+00 1.953640000000000e+38 
3.365369786027166e+14 1.305720114708475e+34 1.214852530263413e+00 1.971570000000000e+38 
3.397602911680456e+14 1.339691215303739e+34 1.216154547036275e+00 1.989360000000000e+38 
3.429624972448971e+14 1.373943695885321e+34 1.217455509931215e+00 2.007020000000000e+38 
3.461443003828870e+14 1.408471233307461e+34 1.218755287090175e+00 2.024550000000000e+38 
3.493060523568232e+14 1.443273827570157e+34 1.220053984013592e+00 2.041960000000000e+38 
3.524502155903614e+14 1.478351478673411e+34 1.221351697457951e+00 2.059240000000000e+38 
3.555739758850381e+14 1.513701025044342e+34 1.222648406606172e+00 2.076410000000000e+38 
3.586801474393168e+14 1.549316143537191e+34 1.223943975894298e+00 2.093460000000000e+38 
3.617687302531975e+14 1.585203157297717e+34 1.225238723534688e+00 2.110400000000000e+38 
3.648397243266802e+14 1.621355743180160e+34 1.226532508113712e+00 2.127240000000000e+38 
3.678966474078447e+14 1.657770739611641e+34 1.227825296418098e+00 2.143970000000000e+38 
3.709359817486111e+14 1.694448146592158e+34 1.229117167721793e+00 2.160590000000000e+38 
3.739612450970592e+14 1.731384802548834e+34 1.230408088562812e+00 2.177120000000000e+38 
3.769689197051093e+14 1.768583869054547e+34 1.231698245914723e+00 2.193550000000000e+38 
3.799660410689207e+14 1.806039022963537e+34 1.232987489056242e+00 2.209890000000000e+38 
3.829455736923341e+14 1.843747102702925e+34 1.234275778816535e+00 2.226140000000000e+38 
3.859145530715088e+14 1.881714431418470e+34 1.235563398864689e+00 2.242300000000000e+38 
3.888694614583651e+14 1.919931524391534e+34 1.236850087356169e+00 2.258370000000000e+38 
3.918102988529029e+14 1.958401543194994e+34 1.238136017822483e+00 2.274350000000000e+38 
3.947405830032021e+14 1.997121326255972e+34 1.239421143308015e+00 2.290260000000000e+38 
3.976567961611829e+14 2.036087712001587e+34 1.240705418029756e+00 2.306080000000000e+38 
4.005624560749249e+14 2.075303862004720e+34 1.241989004416964e+00 2.321830000000000e+38 
4.034575627444281e+14 2.114763453119611e+34 1.243271746856259e+00 2.337500000000000e+38 
4.063421161696926e+14 2.154469646919139e+34 1.244553798932774e+00 2.353090000000000e+38 
4.092125986026387e+14 2.194419281830425e+34 1.245835114833521e+00 2.368620000000000e+38 
4.120760455394256e+14 2.234609196280588e+34 1.247115642826417e+00 2.384070000000000e+38 
4.149254214838941e+14 2.275042551842509e+34 1.248395532793754e+00 2.399450000000000e+38 
4.177677619322035e+14 2.315713025370427e+34 1.249674634005811e+00 2.414770000000000e+38 
4.206030668843536e+14 2.356623778437224e+34 1.250953082238513e+00 2.430020000000000e+38 
4.234243008441854e+14 2.397771649470018e+34 1.252230826880543e+00 2.445200000000000e+38 
4.262384993078581e+14 2.439153476895929e+34 1.253507817959391e+00 2.460330000000000e+38 
4.290456622753716e+14 2.480772422287839e+34 1.254784188362298e+00 2.475390000000000e+38 
4.318422719986462e+14 2.522625324072866e+34 1.256059881869662e+00 2.490390000000000e+38 
4.346283284776821e+14 2.564709020678130e+34 1.257334849143767e+00 2.505330000000000e+38 
4.374108672086385e+14 2.607026673676513e+34 1.258609220373423e+00 2.520220000000000e+38 
4.401828526953560e+14 2.649575121495133e+34 1.259882934533326e+00 2.535040000000000e+38 
4.429478026859144e+14 2.692351202561111e+34 1.261155937384499e+00 2.549820000000000e+38 
4.457057171803136e+14 2.735358078447326e+34 1.262428356792123e+00 2.564540000000000e+38 
4.484565961785536e+14 2.778589426008020e+34 1.263700039646805e+00 2.579210000000000e+38 
4.512004396806344e+14 2.822051568388951e+34 1.264971204876982e+00 2.593830000000000e+38 
4.539337299384765e+14 2.865738182444360e+34 1.266241705650129e+00 2.608390000000000e+38 
4.566635024482390e+14 2.909649268174246e+34 1.267511575274169e+00 2.622910000000000e+38 
4.593897572099219e+14 2.953784825578611e+34 1.268780835462854e+00 2.637380000000000e+38 
4.621054587273659e+14 2.998144854657453e+34 1.270049518858164e+00 2.651810000000000e+38 
4.648176424967304e+14 3.042726193837893e+34 1.271317567110321e+00 2.666190000000000e+38 
4.675227907699358e+14 3.087528843119931e+34 1.272585006633381e+00 2.680520000000000e+38 
4.702209035469819e+14 3.132549640930686e+34 1.273851780255991e+00 2.694810000000001e+38 
4.729154985759484e+14 3.177791748843040e+34 1.275118003097295e+00 2.709060000000000e+38 
4.756030581087558e+14 3.223255166856992e+34 1.276383700784443e+00 2.723260000000000e+38 
4.782870998934837e+14 3.268939894972540e+34 1.277648898431589e+00 2.737420000000000e+38 
4.809641061820522e+14 3.314845933189688e+34 1.278913620907778e+00 2.751550000000000e+38 
4.836375947225412e+14 3.360941665779633e+34 1.280177025873995e+00 2.765630000000000e+38 
4.863075655149506e+14 3.407290324199976e+34 1.281440865407599e+00 2.779680000000000e+38 
4.889705008112009e+14 3.453828676993117e+34 1.282703439205621e+00 2.793690000000000e+38 
4.916299183593715e+14 3.500588339887855e+34 1.283965631944356e+00 2.807660000000000e+38 
4.942823004113829e+14 3.547569312884191e+34 1.285227466886931e+00 2.821590000000000e+38 
4.969346824633944e+14 3.594739980253326e+34 1.286488116557558e+00 2.835490000000000e+38 
4.995800290192468e+14 3.642131957724058e+34 1.287748447249738e+00 2.849360000000000e+38 
5.022218578270194e+14 3.689745245296388e+34 1.289008481252502e+00 2.863190000000000e+38 
5.048601688867126e+14 3.737579842970316e+34 1.290268235402463e+00 2.876980000000000e+38 
5.074949621983260e+14 3.785604135017043e+34 1.291526897637780e+00 2.890750000000000e+38 
5.101262377618599e+14 3.833849737165366e+34 1.292785316811015e+00 2.904480000000000e+38 
5.127539955773142e+14 3.882316649415288e+34 1.294043509374284e+00 2.918190000000000e+38 
5.153782356446890e+14 3.930973256038008e+34 1.295300674310839e+00 2.931860000000000e+38 
5.179989579639839e+14 3.979819557033526e+34 1.296556834385918e+00 2.945500000000000e+38 
5.206161625351996e+14 4.028918783859441e+34 1.297813631321600e+00 2.959110000000000e+38 
5.232298493583357e+14 4.078207705058155e+34 1.299069462223711e+00 2.972700000000000e+38 
5.258435361814717e+14 4.127686320629666e+34 1.300324344298071e+00 2.986249999999999e+38 
5.284501875084484e+14 4.177386246302776e+34 1.301579098106969e+00 2.999780000000000e+38 
5.310568388354252e+14 4.227275866348684e+34 1.302832943683727e+00 3.013280000000000e+38 
5.336599724143224e+14 4.277386796496190e+34 1.304086688821919e+00 3.026760000000000e+38 
5.362595882451399e+14 4.327687421016493e+34 1.305339560540206e+00 3.040210000000000e+38 
5.388592040759576e+14 4.378209355638395e+34 1.306592359371149e+00 3.053630000000000e+38 
5.414553021586956e+14 4.428920984633094e+34 1.307844314176674e+00 3.067030000000000e+38 
5.440478824933540e+14 4.479853923729391e+34 1.309096222788013e+00 3.080410000000000e+38 
5.466404628280124e+14 4.530976557198486e+34 1.310347320643508e+00 3.093760000000000e+38 
5.492295254145912e+14 4.582288885040380e+34 1.311597623044634e+00 3.107090000000000e+38 
5.518150702530906e+14 4.633822522983872e+34 1.312847917095437e+00 3.120390000000000e+38 
5.544006150915898e+14 4.685545855300161e+34 1.314097447661264e+00 3.133670000000000e+38 
5.569826421820093e+14 4.737458881989248e+34 1.315346229646450e+00 3.146940000000000e+38 
5.595646692724290e+14 4.789593218779935e+34 1.316595035439677e+00 3.160180000000000e+38 
5.621431786147691e+14 4.841917249943418e+34 1.317843119275703e+00 3.173400000000000e+38 
5.647216879571091e+14 4.894462591208500e+34 1.319091247097442e+00 3.186590000000000e+38 
5.673001972994492e+14 4.947166011117580e+34 1.320337927012082e+00 3.199770000000000e+38 
5.698751888937096e+14 5.000090741128258e+34 1.321584668665740e+00 3.212930000000000e+38 
5.724466627398905e+14 5.053236781240533e+34 1.322831484773247e+00 3.226070000000000e+38 
5.750216543341510e+14 5.106540899996807e+34 1.324076901331848e+00 3.239200000000000e+38 
5.775931281803319e+14 5.160066328854679e+34 1.325322405147895e+00 3.252300000000000e+38 
5.801610842784331e+14 5.213781452085349e+34 1.326567275539140e+00 3.265380000000000e+38 
5.827290403765345e+14 5.267686269688817e+34 1.327811525474571e+00 3.278450000000000e+38 
5.852969964746358e+14 5.321812397393882e+34 1.329055891389669e+00 3.291500000000000e+38 
5.878649525727370e+14 5.376096603742947e+34 1.330298928673951e+00 3.304540000000001e+38 
5.904293909227588e+14 5.430602120193610e+34 1.331542098453303e+00 3.317550000000000e+38 
5.929973470208600e+14 5.485297331017070e+34 1.332784685832824e+00 3.330560000000000e+38 
5.955617853708816e+14 5.540213851942127e+34 1.334027414925933e+00 3.343540000000000e+38 
5.981227059728238e+14 5.595288451511183e+34 1.335268871447189e+00 3.356509999999999e+38 
6.006871443228455e+14 5.650584361181838e+34 1.336510488872314e+00 3.369470000000000e+38 
6.032480649247875e+14 5.706069965225291e+34 1.337751563475976e+00 3.382410000000000e+38 
6.058125032748092e+14 5.761745263641541e+34 1.338992103729631e+00 3.395329999999999e+38 
6.083734238767515e+14 5.817610256430589e+34 1.340232117838863e+00 3.408250000000000e+38 
6.109343444786935e+14 5.873664943592436e+34 1.341471617937798e+00 3.421150000000000e+38 
6.134952650806355e+14 5.929909325127081e+34 1.342710611870033e+00 3.434030000000000e+38 
6.160561856825778e+14 5.986375016763324e+34 1.343949801536817e+00 3.446900000000000e+38 
6.186135885364402e+14 6.042998787043566e+34 1.345187810885807e+00 3.459760000000000e+38 
6.211745091383822e+14 6.099843867425404e+34 1.346426030183850e+00 3.472610000000000e+38 
6.237354297403245e+14 6.156878642180042e+34 1.347663772255910e+00 3.485440000000000e+38 
6.262928325941870e+14 6.214103111307477e+34 1.348901048648319e+00 3.498270000000000e+38 
6.288537531961290e+14 6.271517274807710e+34 1.350137866955607e+00 3.511080000000000e+38 
6.314146737980711e+14 6.329121132680741e+34 1.351374230686545e+00 3.523880000000000e+38 
6.339720766519336e+14 6.386946300655372e+34 1.352610827457436e+00 3.536670000000000e+38 
6.365329972538758e+14 6.444929547273999e+34 1.353846312364391e+00 3.549450000000000e+38 
6.390939178558179e+14 6.503102488265426e+34 1.355081364852526e+00 3.562210000000000e+38 
6.416548384577599e+14 6.561496739358448e+34 1.356316661448280e+00 3.574970000000000e+38 
6.442157590597020e+14 6.620049069095471e+34 1.357550871490854e+00 3.587720000000000e+38 
6.467766796616441e+14 6.678822708934091e+34 1.358785334718442e+00 3.600450000000000e+38 
6.493376002635862e+14 6.737786043145508e+34 1.360019391817481e+00 3.613180000000000e+38 
6.518985208655284e+14 6.796939071729726e+34 1.361253049610905e+00 3.625900000000000e+38 
6.544594414674705e+14 6.856250178957939e+34 1.362485657852628e+00 3.638610000000000e+38 
6.570238798174921e+14 6.915782596287753e+34 1.363718533823242e+00 3.651310000000000e+38 
6.595848004194342e+14 6.975504707990363e+34 1.364951027522658e+00 3.664000000000000e+38 
6.621492387694560e+14 7.035416514065771e+34 1.366183145619449e+00 3.676690000000000e+38 
6.647136771194778e+14 7.095518014513978e+34 1.367414891145029e+00 3.689360000000000e+38 
6.672781154694994e+14 7.155809209334985e+34 1.368646270730884e+00 3.702030000000000e+38 
6.698425538195210e+14 7.216290098528786e+34 1.369877290837457e+00 3.714690000000000e+38 
6.724105099176224e+14 7.276992297824188e+34 1.371108596066509e+00 3.727340000000000e+38 
6.749784660157236e+14 7.337852575763587e+34 1.372338906884297e+00 3.739990000000000e+38 
6.775464221138249e+14 7.398902548075785e+34 1.373568870787677e+00 3.752620000000000e+38 
6.801143782119262e+14 7.460142214760781e+34 1.374798493838485e+00 3.765250000000000e+38 
6.826823343100274e+14 7.521603191547375e+34 1.376028415115682e+00 3.777880000000000e+38 
6.852538081562084e+14 7.583222246977966e+34 1.377257372046938e+00 3.790500000000000e+38 
6.878252820023892e+14 7.645062612510155e+34 1.378486628829320e+00 3.803110000000000e+38 
6.904002735966498e+14 7.707061056686344e+34 1.379714931443171e+00 3.815710000000000e+38 
6.929717474428305e+14 7.769249195235330e+34 1.380942914096354e+00 3.828310000000000e+38 
6.955467390370911e+14 7.831658643885914e+34 1.382171205138288e+00 3.840900000000000e+38 
6.981217306313514e+14 7.894257786909297e+34 1.383399183122485e+00 3.853490000000000e+38 
7.007002399736916e+14 7.957015008576677e+34 1.384626232509199e+00 3.866069999999999e+38 
7.032787493160316e+14 8.019993540345655e+34 1.385853592319490e+00 3.878650000000000e+38 
7.058572586583715e+14 8.083130150758632e+34 1.387080036009197e+00 3.891220000000000e+38 
7.084357680007118e+14 8.146488071273208e+34 1.388306797476474e+00 3.903790000000000e+38 
7.110177950911314e+14 8.210035686160582e+34 1.389533265454058e+00 3.916350000000000e+38 
7.136033399296304e+14 8.273772995420750e+34 1.390759439266113e+00 3.928900000000000e+38 
7.161853670200502e+14 8.337668383324918e+34 1.391984718271023e+00 3.941460000000000e+38 
7.187709118585495e+14 8.401785081330688e+34 1.393210320746049e+00 3.954000000000000e+38 
7.213599744451284e+14 8.466091473709251e+34 1.394435639619983e+00 3.966549999999999e+38 
7.239455192836275e+14 8.530587560460617e+34 1.395660680683294e+00 3.979090000000000e+38 
7.265380996182860e+14 8.595273341584778e+34 1.396885446241010e+00 3.991620000000001e+38 
7.291271622048645e+14 8.660148817081738e+34 1.398109938570110e+00 4.004150000000001e+38 
7.317197425395231e+14 8.725213986951496e+34 1.399334163399015e+00 4.016680000000000e+38 
7.343158406222612e+14 8.790468851194051e+34 1.400558119832225e+00 4.029210000000000e+38 
7.369119387049991e+14 8.855945025538207e+34 1.401782401599561e+00 4.041730000000000e+38 
7.395080367877372e+14 8.921579278526359e+34 1.403005831787550e+00 4.054240000000000e+38 
7.421076526185548e+14 8.987403225887308e+34 1.404229003536302e+00 4.066760000000000e+38 
7.447072684493725e+14 9.053416867621057e+34 1.405451919172811e+00 4.079270000000000e+38 
7.473104020282696e+14 9.119651819456404e+34 1.406675165039388e+00 4.091780000000000e+38 
7.499135356071669e+14 9.186044849935750e+34 1.407897575563998e+00 4.104280000000000e+38 
7.525201869341435e+14 9.252659190516690e+34 1.409120317215589e+00 4.116790000000000e+38 
7.551268382611204e+14 9.319431609741631e+34 1.410342231371093e+00 4.129290000000000e+38 
7.577334895880971e+14 9.386425339068172e+34 1.411564480420853e+00 4.141790000000001e+38 
7.603471764112331e+14 9.453608762767508e+34 1.412786485023668e+00 4.154280000000000e+38 
7.629573454862895e+14 9.520981880839644e+34 1.414008247355188e+00 4.166770000000000e+38 
7.655710323094256e+14 9.588513077555779e+34 1.415229200908896e+00 4.179270000000000e+38 
7.681882368806409e+14 9.656265584373508e+34 1.416450487940539e+00 4.191760000000000e+38 
7.708054414518565e+14 9.724207785564038e+34 1.417671539232624e+00 4.204240000000000e+38 
7.734261637711518e+14 9.792371296856164e+34 1.418892923453295e+00 4.216730000000000e+38 
7.760468860904469e+14 9.860692886792291e+34 1.420113509664127e+00 4.229210000000000e+38 
7.786711261578215e+14 9.929204171101215e+34 1.421333866282705e+00 4.241690000000000e+38 
7.812953662251964e+14 9.997905149782936e+34 1.422553995340184e+00 4.254170000000000e+38 
7.839231240406505e+14 1.006682743856626e+35 1.423774458763311e+00 4.266650000000000e+38 
7.865508818561050e+14 1.013593942172237e+35 1.424994697194676e+00 4.279130000000000e+38 
7.891821574196389e+14 1.020520948352249e+35 1.426214156035774e+00 4.291599999999999e+38 
7.918169507312524e+14 1.027470085542421e+35 1.427433947632188e+00 4.304080000000000e+38 
7.944517440428659e+14 1.034438192169872e+35 1.428653517700768e+00 4.316550000000000e+38 
7.970900551025590e+14 1.041425268234603e+35 1.429872868116859e+00 4.329030000000000e+38 
7.997283661622521e+14 1.048431313736614e+35 1.431092000736850e+00 4.341500000000000e+38 
8.023701949700249e+14 1.055459490248784e+35 1.432311466165842e+00 4.353970000000000e+38 
8.050120237777975e+14 1.062503474625355e+35 1.433530169089294e+00 4.366440000000000e+38 
8.076573703336498e+14 1.069569590012085e+35 1.434749205567279e+00 4.378910000000000e+38 
8.103062346375818e+14 1.076651513263215e+35 1.435967483895643e+00 4.391380000000000e+38 
8.129550989415135e+14 1.083755567524505e+35 1.437186093616366e+00 4.403840000000000e+38 
8.156039632454454e+14 1.090878591223075e+35 1.438404495690662e+00 4.416310000000000e+38 
8.182598630455366e+14 1.098020584358924e+35 1.439622689199797e+00 4.428780000000000e+38 
8.209157628456276e+14 1.105181546932054e+35 1.440840673228568e+00 4.441240000000000e+38 
8.235716626457186e+14 1.112364640515343e+35 1.442058988962554e+00 4.453710000000000e+38 
8.262345979419689e+14 1.119563541963032e+35 1.443276562829922e+00 4.466170000000000e+38 
8.288940154901395e+14 1.126784574420881e+35 1.444494466188175e+00 4.478640000000000e+38 
8.315604685344694e+14 1.134024576316009e+35 1.445712166387852e+00 4.491109999999999e+38 
8.342269215787991e+14 1.141283547648417e+35 1.446929662505130e+00 4.503570000000000e+38 
8.368968923712085e+14 1.148561488418106e+35 1.448146956412957e+00 4.516040000000000e+38 
8.395668631636180e+14 1.155861560197954e+35 1.449364577239040e+00 4.528500000000000e+38 
8.422403517041069e+14 1.163180601415081e+35 1.450581998213487e+00 4.540960000000000e+38 
8.449173579926755e+14 1.170515450496609e+35 1.451798693855958e+00 4.553430000000000e+38 
8.475943642812442e+14 1.177872430588296e+35 1.453015714871182e+00 4.565900000000000e+38 
8.502748883178925e+14 1.185251541690143e+35 1.454233060321573e+00 4.578360000000000e+38 
8.529554123545405e+14 1.192646460656391e+35 1.455449688802592e+00 4.590830000000000e+38 
8.556429718873479e+14 1.200063510632797e+35 1.456666639932757e+00 4.603289999999999e+38 
8.583305314201552e+14 1.207496368473604e+35 1.457882875378835e+00 4.615760000000000e+38 
8.610180909529626e+14 1.214951357324570e+35 1.459099434037800e+00 4.628230000000000e+38 
8.637091682338496e+14 1.222428477185696e+35 1.460316314989274e+00 4.640690000000000e+38 
8.664037632628162e+14 1.229921404911223e+35 1.461532488349893e+00 4.653160000000000e+38 
8.691018760398624e+14 1.237436463646909e+35 1.462748979690411e+00 4.665630000000000e+38 
8.717999888169085e+14 1.244970491819874e+35 1.463965277778398e+00 4.678100000000000e+38 
8.745016193420342e+14 1.252523489430120e+35 1.465181384171827e+00 4.690570000000000e+38 
8.772032498671599e+14 1.260095456477645e+35 1.466397300413752e+00 4.703040000000000e+38 
8.799083981403652e+14 1.267689554535330e+35 1.467613534664558e+00 4.715510000000000e+38 
8.826170641616502e+14 1.275302622030295e+35 1.468829578602878e+00 4.727980000000000e+38 
8.853292479310148e+14 1.282934658962539e+35 1.470045431493212e+00 4.740450000000000e+38 
8.880414317003792e+14 1.290585665332064e+35 1.471261095032161e+00 4.752920000000000e+38 
8.907571332178232e+14 1.298258802711748e+35 1.472477072088224e+00 4.765390000000000e+38 
8.934763524833468e+14 1.305947747955832e+35 1.473692359655039e+00 4.777870000000000e+38 
8.961955717488706e+14 1.313661985782956e+35 1.474908457331061e+00 4.790340000000000e+38 
8.989183087624740e+14 1.321392031474480e+35 1.476123870378225e+00 4.802819999999999e+38 
9.016445635241569e+14 1.329144208176163e+35 1.477339592045787e+00 4.815300000000000e+38 
9.043708182858395e+14 1.336915354315127e+35 1.478555127047494e+00 4.827770000000000e+38 
9.071005907956022e+14 1.344705469891370e+35 1.479770477023764e+00 4.840250000000000e+38 
9.098338810534442e+14 1.352514554904893e+35 1.480985641074998e+00 4.852730000000000e+38 
9.125671713112862e+14 1.360345770928576e+35 1.482201111803103e+00 4.865209999999999e+38 
9.153074970652874e+14 1.368195956389538e+35 1.483416396404196e+00 4.877699999999999e+38 
9.180443050712091e+14 1.376068272860660e+35 1.484631984788004e+00 4.890179999999999e+38 
9.207881485732901e+14 1.383956397196183e+35 1.485846902187192e+00 4.902660000000000e+38 
9.235319920753708e+14 1.391866652541864e+35 1.487062121544444e+00 4.915150000000000e+38 
9.262793533255312e+14 1.399799038897706e+35 1.488277642407140e+00 4.927630000000001e+38 
9.290302323237712e+14 1.407747233117948e+35 1.489492494915282e+00 4.940120000000000e+38 
9.317811113220111e+14 1.415717558348349e+35 1.490707647293953e+00 4.952610000000000e+38 
9.345390258164102e+14 1.423706853016030e+35 1.491922615541816e+00 4.965100000000001e+38 
9.372934225627300e+14 1.431718278693871e+35 1.493137880870445e+00 4.977590000000001e+38 
9.400548548052088e+14 1.439748673808992e+35 1.494352964160850e+00 4.990080000000000e+38 
9.428162870476875e+14 1.447798038361393e+35 1.495567864494999e+00 5.002570000000000e+38 
9.455812370382460e+14 1.455869533923953e+35 1.496783059682789e+00 5.015070000000000e+38 
9.483497047768840e+14 1.463959998923793e+35 1.497998071787267e+00 5.027570000000000e+38 
9.511181725155218e+14 1.472069433360913e+35 1.499212902361291e+00 5.040060000000000e+38 
9.538901580022394e+14 1.480197837235313e+35 1.500427552946753e+00 5.052560000000000e+38 
9.566656612370365e+14 1.488348372119873e+35 1.501642494168139e+00 5.065060000000000e+38 
9.594446822199132e+14 1.496521038014592e+35 1.502857723200801e+00 5.077559999999999e+38 
9.622237032027900e+14 1.504709511773711e+35 1.504072301314382e+00 5.090059999999999e+38 
9.650062419337465e+14 1.512920116542990e+35 1.505287167887877e+00 5.102569999999999e+38 
9.677922984127822e+14 1.521152852322429e+35 1.506502320021848e+00 5.115070000000000e+38 
9.705783548918181e+14 1.529401395966267e+35 1.507716826043652e+00 5.127580000000000e+38 
9.733714468670132e+14 1.537672070620266e+35 1.508931616247827e+00 5.140090000000001e+38 
9.761645388422084e+14 1.545964876284424e+35 1.510146687730567e+00 5.152600000000001e+38 
9.789576308174036e+14 1.554276651385862e+35 1.511361580009044e+00 5.165110000000000e+38 
9.817577582887576e+14 1.562607395924580e+35 1.512576292261149e+00 5.177619999999999e+38 
9.845578857601120e+14 1.570957109900577e+35 1.513790823821193e+00 5.190129999999999e+38 
9.873615309795459e+14 1.579328954886735e+35 1.515005634994223e+00 5.202649999999999e+38 
9.901651761989798e+14 1.587722930883052e+35 1.516220725081962e+00 5.215160000000000e+38 
9.929723391664932e+14 1.596132714743769e+35 1.517435180191228e+00 5.227679999999999e+38 
9.957830198820862e+14 1.604564629614645e+35 1.518649912741078e+00 5.240200000000001e+38 
9.985972183457589e+14 1.613018675495682e+35 1.519864920229555e+00 5.252720000000000e+38 
1.001414934557511e+15 1.621491690813998e+35 1.521079746593498e+00 5.265240000000000e+38 
1.004232650769264e+15 1.629983675569595e+35 1.522294393260508e+00 5.277770000000000e+38 
1.007053884729095e+15 1.638497791335351e+35 1.523509312922479e+00 5.290290000000000e+38 
1.009878636437007e+15 1.647030876538386e+35 1.524724052622555e+00 5.302820000000001e+38 
1.012703388144918e+15 1.655586092751582e+35 1.525939062910904e+00 5.315350000000000e+38 
1.015531657600909e+15 1.664157116829177e+35 1.527153447177052e+00 5.327880000000001e+38 
1.018363444804980e+15 1.672753433489813e+35 1.528368547615916e+00 5.340410000000000e+38 
1.021198749757130e+15 1.681368719587728e+35 1.529583467885723e+00 5.352940000000000e+38 
1.024034054709280e+15 1.690002975122922e+35 1.530798209385831e+00 5.365480000000000e+38 
1.026872877409510e+15 1.698656200095397e+35 1.532012773549948e+00 5.378010000000000e+38 
1.029715217857819e+15 1.707331556078031e+35 1.533227602517529e+00 5.390550000000000e+38 
1.032561076054208e+15 1.716029043070826e+35 1.534442693736503e+00 5.403090000000000e+38 
1.035406934250597e+15 1.724745499500900e+35 1.535657605959139e+00 5.415630000000000e+38 
1.038256310195066e+15 1.733480925368253e+35 1.536872340564564e+00 5.428170000000001e+38 
1.041109203887614e+15 1.742238482245767e+35 1.538087335651743e+00 5.440709999999999e+38 
1.043965615328241e+15 1.751015008560561e+35 1.539302151060550e+00 5.453259999999999e+38 
1.046822026768869e+15 1.759810504312633e+35 1.540516788163254e+00 5.465810000000000e+38 
1.049681955957577e+15 1.768628131074866e+35 1.541731684009426e+00 5.478350000000000e+38 
1.052545402894363e+15 1.777467888847259e+35 1.542946835980057e+00 5.490899999999999e+38 
1.055408849831150e+15 1.786326616056932e+35 1.544161810058993e+00 5.503450000000000e+38 
1.058279332264096e+15 1.795204312703884e+35 1.545376605614843e+00 5.516009999999999e+38 
1.061149814697043e+15 1.804104140360996e+35 1.546591653774115e+00 5.528560000000000e+38 
1.064023814878068e+15 1.813022937455388e+35 1.547806523397691e+00 5.541120000000000e+38 
1.066897815059094e+15 1.821960703987060e+35 1.549021215649756e+00 5.553679999999999e+38 
1.069775332988199e+15 1.830923763101772e+35 1.550236589476474e+00 5.566240000000000e+38 
1.072656368665384e+15 1.839902630080883e+35 1.551451357252467e+00 5.578800000000001e+38 
1.075540922090648e+15 1.848903628070154e+35 1.552666373972457e+00 5.591360000000000e+38 
1.078428993263992e+15 1.857923595496705e+35 1.553881211413423e+00 5.603920000000000e+38 
1.081317064437337e+15 1.866965693933416e+35 1.555096295804853e+00 5.616489999999999e+38 
1.084208653358760e+15 1.876029923380287e+35 1.556311626728792e+00 5.629060000000000e+38 
1.087103760028263e+15 1.885113122264437e+35 1.557526778669693e+00 5.641630000000000e+38 
1.089998866697766e+15 1.894215290585867e+35 1.558741752991108e+00 5.654200000000000e+38 
1.092897491115349e+15 1.903336428344577e+35 1.559956551009005e+00 5.666770000000000e+38 
1.095799633281012e+15 1.912482858686327e+35 1.561172012592344e+00 5.679340000000000e+38 
1.098705293194754e+15 1.921645096892476e+35 1.562386876010328e+00 5.691920000000000e+38 
1.101614470856576e+15 1.930829466108786e+35 1.563601979054609e+00 5.704500000000000e+38 
1.104523648518397e+15 1.940035966335255e+35 1.564817321380590e+00 5.717080000000000e+38 
1.107436343928298e+15 1.949261435999004e+35 1.566032486093706e+00 5.729659999999999e+38 
1.110352557086279e+15 1.958505875100033e+35 1.567247472477262e+00 5.742239999999999e+38 
1.113268770244260e+15 1.967772445211221e+35 1.568462696650591e+00 5.754820000000001e+38 
1.116192018898400e+15 1.977061146332569e+35 1.569678156409914e+00 5.767409999999999e+38 
1.119115267552540e+15 1.986365655318318e+35 1.570893023605051e+00 5.779999999999999e+38 
1.122038516206680e+15 1.995695456887106e+35 1.572108539135745e+00 5.792590000000000e+38 
1.124968800356978e+15 2.005041066320294e+35 1.573323465774741e+00 5.805180000000000e+38 
1.127899084507278e+15 2.014411968336521e+35 1.574539035146993e+00 5.817770000000000e+38 
1.130832886405657e+15 2.023798678217148e+35 1.575754017517325e+00 5.830370000000000e+38 
1.133770206052115e+15 2.033210680680815e+35 1.576969639182565e+00 5.842960000000000e+38 
1.136711043446653e+15 2.042638491008882e+35 1.578184673801202e+00 5.855559999999999e+38 
1.139651880841191e+15 2.052088432347109e+35 1.579399937529874e+00 5.868159999999999e+38 
1.142596235983808e+15 2.061560504695496e+35 1.580615430072619e+00 5.880760000000001e+38 
1.145544108874505e+15 2.071051546481162e+35 1.581830744374278e+00 5.893370000000000e+38 
1.148495499513282e+15 2.080561557704108e+35 1.583045879891288e+00 5.905970000000000e+38 
1.151446890152059e+15 2.090093699937214e+35 1.584261241067222e+00 5.918580000000000e+38 
1.154401798538915e+15 2.099647973180480e+35 1.585476827621129e+00 5.931190000000000e+38 
1.157360224673851e+15 2.109218054288146e+35 1.586691834484245e+00 5.943800000000000e+38 
1.160322168556866e+15 2.118813427978851e+35 1.587907464510780e+00 5.956409999999999e+38 
1.163284112439882e+15 2.128427771106836e+35 1.589122916358410e+00 5.969020000000000e+38 
1.166249574070977e+15 2.138061083672101e+35 1.590338191278614e+00 5.981640000000000e+38 
1.169218553450152e+15 2.147713365674646e+35 1.591553288739735e+00 5.994259999999999e+38 
1.172191050577406e+15 2.157390940260230e+35 1.592769002714726e+00 6.006870000000000e+38 
1.175163547704660e+15 2.167084322710214e+35 1.593984142318607e+00 6.019499999999999e+38 
1.178143080328073e+15 2.176799836170358e+35 1.595199499654454e+00 6.032119999999999e+38 
1.181122612951487e+15 2.186537480640662e+35 1.596415072718694e+00 6.044750000000000e+38 
1.184105663322980e+15 2.196294094548246e+35 1.597630467329418e+00 6.057370000000000e+38 
1.187088713694473e+15 2.206069677893110e+35 1.598845684720654e+00 6.070000000000000e+38 
1.190078799562125e+15 2.215867392248133e+35 1.600061116651789e+00 6.082630000000000e+38 
1.193068885429777e+15 2.225687237613316e+35 1.601276761152331e+00 6.095270000000001e+38 
1.196062489045509e+15 2.235522890842899e+35 1.602491836771096e+00 6.107900000000000e+38 
1.199059610409320e+15 2.245383836655522e+35 1.603707513898356e+00 6.120539999999999e+38 
1.202056731773132e+15 2.255260590332544e+35 1.604922623755153e+00 6.133180000000000e+38 
1.205057370885022e+15 2.265159475019727e+35 1.606137945569175e+00 6.145819999999999e+38 
1.208065045493072e+15 2.275080490717069e+35 1.607353475575843e+00 6.158470000000000e+38 
1.211069202353043e+15 2.285020475851691e+35 1.608568826993361e+00 6.171110000000000e+38 
1.214080394709173e+15 2.294982591996473e+35 1.609784386994526e+00 6.183759999999999e+38 
1.217095104813382e+15 2.304963677578534e+35 1.610999766810558e+00 6.196410000000000e+38 
1.220109814917592e+15 2.314963732597875e+35 1.612214967778911e+00 6.209059999999999e+38 
1.223128042769881e+15 2.324985918627376e+35 1.613430374615181e+00 6.221719999999999e+38 
1.226149788370249e+15 2.335027074094157e+35 1.614645602713668e+00 6.234380000000000e+38 
1.229175051718697e+15 2.345090360571098e+35 1.615861033516098e+00 6.247040000000000e+38 
1.232200315067145e+15 2.355172616485318e+35 1.617076285696304e+00 6.259700000000000e+38 
1.235229096163673e+15 2.365273841836819e+35 1.618291360452301e+00 6.272360000000000e+38 
1.238261395008280e+15 2.375397198198479e+35 1.619506636911831e+00 6.285030000000001e+38 
1.241297211600967e+15 2.385542685570299e+35 1.620722113353409e+00 6.297700000000000e+38 
1.244336545941734e+15 2.395703980806519e+35 1.621937031741833e+00 6.310369999999999e+38 
1.247375880282500e+15 2.405890568625778e+35 1.623152526748674e+00 6.323039999999999e+38 
1.250422250119425e+15 2.416092964309437e+35 1.624367465507981e+00 6.335720000000000e+38 
1.253468619956351e+15 2.426317491003256e+35 1.625582600518369e+00 6.348400000000000e+38 
1.256518507541356e+15 2.436564148707235e+35 1.626797931738149e+00 6.361080000000000e+38 
1.259571912874441e+15 2.446829775848494e+35 1.628013082928434e+00 6.373760000000000e+38 
1.262625318207526e+15 2.457114372427032e+35 1.629228055419048e+00 6.386450000000000e+38 
1.265685759036770e+15 2.467417938442851e+35 1.630442848766108e+00 6.399140000000000e+38 
1.268746199866014e+15 2.477746797041708e+35 1.631658206700569e+00 6.411830000000000e+38 
1.271810158443338e+15 2.488091463504966e+35 1.632873013691504e+00 6.424510000000000e+38 
1.274874117020661e+15 2.498458260978384e+35 1.634088013457595e+00 6.437210000000000e+38 
1.277945111094144e+15 2.508844027889082e+35 1.635302834494887e+00 6.449910000000000e+38 
1.281019622915706e+15 2.519251925809939e+35 1.636517843907267e+00 6.462610000000000e+38 
1.284094134737268e+15 2.529678793168076e+35 1.637732673265590e+00 6.475319999999999e+38 
1.287172164306910e+15 2.540124629963493e+35 1.638947323849888e+00 6.488030000000000e+38 
1.290257229372712e+15 2.550592597769070e+35 1.640162160646750e+00 6.500740000000000e+38 
1.293342294438513e+15 2.561079535011926e+35 1.641376815782928e+00 6.513459999999999e+38 
1.296430877252394e+15 2.571588603264943e+35 1.642591655961616e+00 6.526170000000000e+38 
1.299519460066274e+15 2.582116640955239e+35 1.643806316242728e+00 6.538899999999999e+38 
1.302615078376314e+15 2.592663648082814e+35 1.645020796213980e+00 6.551620000000000e+38 
1.305710696686354e+15 2.603232786220551e+35 1.646235459007893e+00 6.564350000000000e+38 
1.308813350492553e+15 2.613820893795566e+35 1.647449940369764e+00 6.577080000000000e+38 
1.311916004298752e+15 2.624427970807861e+35 1.648664239896579e+00 6.589820000000000e+38 
1.315022175853031e+15 2.635057178830316e+35 1.649878720180379e+00 6.602550000000000e+38 
1.318131865155389e+15 2.645705356290051e+35 1.651093018973103e+00 6.615299999999999e+38 
1.321245072205827e+15 2.656372503187066e+35 1.652307135990818e+00 6.628039999999999e+38 
1.324361797004344e+15 2.667061781094240e+35 1.653521430191815e+00 6.640790000000000e+38 
1.327482039550942e+15 2.677770028438695e+35 1.654735541542411e+00 6.653539999999999e+38 
1.330605799845618e+15 2.688497245220429e+35 1.655949469661085e+00 6.666299999999999e+38 
1.333729560140295e+15 2.699246593012323e+35 1.657163572980362e+00 6.679060000000000e+38 
1.336860355931131e+15 2.710014910241497e+35 1.658377493434470e+00 6.691830000000000e+38 
1.339991151721966e+15 2.720802196907950e+35 1.659591230754102e+00 6.704599999999999e+38 
1.343128983008962e+15 2.731611614584563e+35 1.660805139810736e+00 6.717370000000000e+38 
1.346266814295956e+15 2.742440001698457e+35 1.662018864594556e+00 6.730150000000000e+38 
1.349408163331031e+15 2.753287358249629e+35 1.663232406385968e+00 6.742930000000001e+38 
1.352553030114185e+15 2.764153684238082e+35 1.664445764953511e+00 6.755710000000000e+38 
1.355704932393499e+15 2.775042141236695e+35 1.665659290987196e+00 6.768500000000000e+38 
1.358856834672812e+15 2.785949567672587e+35 1.666872631268366e+00 6.781300000000000e+38 
1.362012254700205e+15 2.796879125118639e+35 1.668086138158863e+00 6.794100000000000e+38 
1.365171192475677e+15 2.807824490429092e+35 1.669299109277264e+00 6.806900000000001e+38 
1.368333647999230e+15 2.818791986749703e+35 1.670512245117880e+00 6.819710000000000e+38 
1.371499621270861e+15 2.829781614080475e+35 1.671725544291508e+00 6.832530000000001e+38 
1.374669112290572e+15 2.840787049275646e+35 1.672938308463281e+00 6.845340000000000e+38 
1.377842121058364e+15 2.851814615480977e+35 1.674151234221552e+00 6.858170000000000e+38 
1.381018647574234e+15 2.874173258888116e+35 1.675364147677729e+00 7.217010000000000e+38 
1.465733056826940e+15 2.874173258888116e+35 1.676575053356910e+00 7.228359999999999e+38 
1.468540219794453e+15 2.885681384171203e+35 1.677776287483285e+00 7.239699999999999e+38 
1.471350900510046e+15 2.897205317318689e+35 1.678977431877555e+00 7.251030000000000e+38 
1.474158063477560e+15 2.908748219903455e+35 1.680178670846471e+00 7.262359999999999e+38 
1.476968744193153e+15 2.920310091925501e+35 1.681380005555714e+00 7.273680000000000e+38 
1.479779424908746e+15 2.931890933384827e+35 1.682581435698826e+00 7.285000000000000e+38 
1.482590105624339e+15 2.943487582708552e+35 1.683782634909290e+00 7.296310000000000e+38 
1.485400786339932e+15 2.955103201469558e+35 1.684983932207191e+00 7.307610000000001e+38 
1.488211467055524e+15 2.966734628094963e+35 1.686185002246001e+00 7.318910000000000e+38 
1.491025665519198e+15 2.978385024157649e+35 1.687386171637233e+00 7.330200000000000e+38 
1.493836346234790e+15 2.990054389657613e+35 1.688587441511479e+00 7.341490000000000e+38 
1.496650544698463e+15 3.001742724594857e+35 1.689788812992343e+00 7.352770000000000e+38 
1.499464743162136e+15 3.013446867396502e+35 1.690989961274489e+00 7.364039999999999e+38 
1.502278941625808e+15 3.025166818062547e+35 1.692190888384748e+00 7.375309999999999e+38 
1.505093140089481e+15 3.036908899738751e+35 1.693392243395016e+00 7.386580000000001e+38 
1.507910856301233e+15 3.048663627706475e+35 1.694593056024625e+00 7.397830000000000e+38 
1.510725054764906e+15 3.060440486684359e+35 1.695794296740964e+00 7.409090000000001e+38 
1.513542770976658e+15 3.072233153526642e+35 1.696995321691114e+00 7.420330000000000e+38 
1.516360487188410e+15 3.084044789806205e+35 1.698196452973995e+00 7.431570000000000e+38 
1.519178203400162e+15 3.095872233950169e+35 1.699397370634226e+00 7.442810000000000e+38 
1.521995919611915e+15 3.107718647531412e+35 1.700598397110642e+00 7.454040000000000e+38 
1.524813635823667e+15 3.119584030549935e+35 1.701799533489036e+00 7.465260000000000e+38 
1.527634869783499e+15 3.131465221432857e+35 1.703000459907983e+00 7.476480000000000e+38 
1.530456103743331e+15 3.143365381753060e+35 1.704201496042816e+00 7.487690000000000e+38 
1.533273819955083e+15 3.155281349937662e+35 1.705402325625643e+00 7.498899999999999e+38 
1.536098571662994e+15 3.167232095423944e+35 1.706604858213993e+00 7.510099999999999e+38 
1.538919805622826e+15 3.179182840910227e+35 1.707805594590627e+00 7.521299999999999e+38 
1.541741039582658e+15 3.191133586396509e+35 1.709004542442125e+00 7.532489999999999e+38 
1.544565791290570e+15 3.203115947611590e+35 1.710204874053993e+00 7.543670000000001e+38 
1.547387025250401e+15 3.215129924555472e+35 1.711406587054098e+00 7.554849999999999e+38 
1.550211776958313e+15 3.227143901499353e+35 1.712606520776324e+00 7.566030000000000e+38 
1.553036528666224e+15 3.239189494172035e+35 1.713807833385996e+00 7.577200000000000e+38 
1.555864798122215e+15 3.251266702573515e+35 1.715010521247721e+00 7.588359999999999e+38 
1.558689549830126e+15 3.263343910974996e+35 1.716211437881455e+00 7.599520000000000e+38 
1.561517819286118e+15 3.275421119376477e+35 1.717410589438910e+00 7.610670000000000e+38 
1.564346088742108e+15 3.287529943506757e+35 1.718611115586285e+00 7.621820000000000e+38 
1.567174358198100e+15 3.299670383365838e+35 1.719813013999379e+00 7.632959999999999e+38 
1.570002627654090e+15 3.311810823224918e+35 1.721013156332487e+00 7.644100000000000e+38 
1.572830897110081e+15 3.323982878812798e+35 1.722214669834269e+00 7.655230000000000e+38 
1.575662684314152e+15 3.336154934400678e+35 1.723414434193510e+00 7.666359999999999e+38 
1.578490953770143e+15 3.348358605717357e+35 1.724615567542701e+00 7.677480000000000e+38 
1.581322740974214e+15 3.360562277034037e+35 1.725814959981002e+00 7.688600000000000e+38 
1.584154528178284e+15 3.372797564079515e+35 1.727015719136393e+00 7.699710000000000e+38 
1.586989833130434e+15 3.385064466853794e+35 1.728217841472055e+00 7.710819999999999e+38 
1.589821620334505e+15 3.397331369628074e+35 1.729418230378338e+00 7.721919999999999e+38 
1.592656925286656e+15 3.409629888131153e+35 1.730619981469586e+00 7.733020000000000e+38 
1.595492230238806e+15 3.421928406634231e+35 1.731820005884535e+00 7.744110000000000e+38 
1.598327535190956e+15 3.434258540866109e+35 1.733021390331446e+00 7.755189999999999e+38 
1.601162840143106e+15 3.446588675097987e+35 1.734221056043280e+00 7.766280000000000e+38 
1.603998145095256e+15 3.458950425058665e+35 1.735422080878261e+00 7.777349999999999e+38 
1.606836967795486e+15 3.471312175019343e+35 1.736621393700862e+00 7.788419999999999e+38 
1.609675790495716e+15 3.483705540708822e+35 1.737822062166265e+00 7.799490000000000e+38 
1.612514613195945e+15 3.496130522127099e+35 1.739024084052137e+00 7.810550000000001e+38 
1.615353435896175e+15 3.508555503545377e+35 1.740224402452774e+00 7.821609999999999e+38 
1.618192258596405e+15 3.520980484963654e+35 1.741423023087834e+00 7.832660000000000e+38 
1.621034599044714e+15 3.533437082110731e+35 1.742622996401696e+00 7.843710000000000e+38 
1.623876939493024e+15 3.545925294986607e+35 1.743824318967955e+00 7.854750000000000e+38 
1.626719279941333e+15 3.558413507862485e+35 1.745023951017755e+00 7.865790000000001e+38 
1.629561620389642e+15 3.570933336467161e+35 1.746224931148209e+00 7.876819999999999e+38 
1.632407478586031e+15 3.583484780800637e+35 1.747427255876087e+00 7.887849999999999e+38 
1.635249819034341e+15 3.596036225134113e+35 1.748627898392347e+00 7.898870000000000e+38 
1.638095677230730e+15 3.608587669467589e+35 1.749826864284055e+00 7.909889999999999e+38 
1.640941535427118e+15 3.621170729529866e+35 1.751027174021204e+00 7.920899999999999e+38 
1.643787393623508e+15 3.633785405320940e+35 1.752228825530343e+00 7.931909999999999e+38 
1.646636769567976e+15 3.646400081112016e+35 1.753428807376734e+00 7.942910000000000e+38 
1.649482627764365e+15 3.659046372631892e+35 1.754630128720819e+00 7.953910000000000e+38 
1.652332003708833e+15 3.671692664151767e+35 1.755829787930784e+00 7.964900000000000e+38 
1.655181379653302e+15 3.684370571400441e+35 1.757030784627768e+00 7.975890000000000e+38 
1.658034273345850e+15 3.697048478649116e+35 1.758230124274577e+00 7.986879999999999e+38 
1.660883649290319e+15 3.709758001626590e+35 1.759430799402134e+00 7.997859999999999e+38 
1.663736542982867e+15 3.722467524604065e+35 1.760629824900114e+00 8.008840000000000e+38 
1.666589436675415e+15 3.735208663310340e+35 1.761830183620197e+00 8.019810000000001e+38 
1.669442330367964e+15 3.747981417745414e+35 1.763031873455326e+00 8.030770000000001e+38 
1.672295224060511e+15 3.760754172180488e+35 1.764231921385079e+00 8.041729999999999e+38 
1.675151635501139e+15 3.773558542344361e+35 1.765433298190037e+00 8.052689999999999e+38 
1.678004529193687e+15 3.786362912508235e+35 1.766633039291521e+00 8.063650000000000e+38 
1.680860940634315e+15 3.799167282672108e+35 1.767831149910204e+00 8.074589999999999e+38 
1.683720869823022e+15 3.812034884293582e+35 1.769033542134866e+00 8.085540000000000e+38 
1.686577281263650e+15 3.824902485915054e+35 1.770234305409806e+00 8.096480000000000e+38 
1.689437210452357e+15 3.837770087536527e+35 1.771433444829054e+00 8.107410000000000e+38 
1.692297139641064e+15 3.850669304886800e+35 1.772633907188031e+00 8.118339999999999e+38 
1.695157068829772e+15 3.863568522237073e+35 1.773832751754132e+00 8.129270000000000e+38 
1.698016998018480e+15 3.876499355316146e+35 1.775032918199775e+00 8.140190000000001e+38 
1.700876927207187e+15 3.889461804124017e+35 1.776234404475983e+00 8.151110000000001e+38 
1.703740374143974e+15 3.902424252931889e+35 1.777434280371695e+00 8.162019999999999e+38 
1.706603821080760e+15 3.915418317468561e+35 1.778635472822423e+00 8.172930000000000e+38 
1.709467268017547e+15 3.928412382005233e+35 1.779835060852478e+00 8.183829999999999e+38 
1.712334232702414e+15 3.941438062270705e+35 1.781035963487528e+00 8.194739999999999e+38 
1.715197679639201e+15 3.954463742536176e+35 1.782235267454110e+00 8.205629999999999e+38 
1.718064644324067e+15 3.967521038530447e+35 1.783435885221308e+00 8.216519999999999e+38 
1.720931609008934e+15 3.980578334524718e+35 1.784634910108298e+00 8.227409999999999e+38 
1.723802091441880e+15 3.993667246247789e+35 1.785835245710079e+00 8.238290000000000e+38 
1.726669056126746e+15 4.006756157970860e+35 1.787033994179513e+00 8.249169999999999e+38 
1.729539538559693e+15 4.019876685422730e+35 1.788234052397920e+00 8.260050000000000e+38 
1.732410020992638e+15 4.033028828603401e+35 1.789435417161672e+00 8.270920000000001e+38 
1.735280503425585e+15 4.046180971784071e+35 1.790635201998472e+00 8.281780000000000e+38 
1.738154503606610e+15 4.059364730693540e+35 1.791836291379797e+00 8.292639999999999e+38 
1.741028503787636e+15 4.072548489603010e+35 1.793035805362035e+00 8.303500000000000e+38 
1.743902503968662e+15 4.085763864241280e+35 1.794236621969688e+00 8.314350000000001e+38 
1.746776504149687e+15 4.098979238879550e+35 1.795435869834155e+00 8.325200000000000e+38 
1.749650504330713e+15 4.112226229246618e+35 1.796636419446167e+00 8.336050000000000e+38 
1.752528022259818e+15 4.125473219613688e+35 1.797835405882264e+00 8.346890000000000e+38 
1.755405540188924e+15 4.138751825709557e+35 1.799035690881825e+00 8.357729999999999e+38 
1.758283058118029e+15 4.152062047534226e+35 1.800237272501927e+00 8.368560000000001e+38 
1.761160576047134e+15 4.165372269358893e+35 1.801437298083488e+00 8.379390000000001e+38 
1.764041611724319e+15 4.178682491183563e+35 1.802635771352396e+00 8.390210000000001e+38 
1.766922647401504e+15 4.192024328737031e+35 1.803835539377083e+00 8.401030000000000e+38 
1.769803683078689e+15 4.205397782019300e+35 1.805036600231905e+00 8.411849999999999e+38 
1.772684718755874e+15 4.218771235301567e+35 1.806236115730701e+00 8.422660000000000e+38 
1.775565754433058e+15 4.232176304312636e+35 1.807436923038693e+00 8.433469999999999e+38 
1.778450307858323e+15 4.245581373323702e+35 1.808636190387479e+00 8.444279999999999e+38 
1.781334861283588e+15 4.259018058063571e+35 1.809836746641300e+00 8.455080000000001e+38 
1.784222932456932e+15 4.272454742803437e+35 1.811035767283026e+00 8.465880000000000e+38 
1.787107485882196e+15 4.285923043272105e+35 1.812236074950178e+00 8.476669999999999e+38 
1.789995557055540e+15 4.299391343740772e+35 1.813434853419349e+00 8.487460000000000e+38 
1.792883628228884e+15 4.312891259938238e+35 1.814634916810925e+00 8.498240000000001e+38 
1.795771699402228e+15 4.326422791864505e+35 1.815836263321096e+00 8.509020000000000e+38 
1.798663288323652e+15 4.339954323790771e+35 1.817036086296809e+00 8.519799999999998e+38 
1.801551359496996e+15 4.353485855717038e+35 1.818234390380146e+00 8.530570000000000e+38 
1.804442948418420e+15 4.367049003372105e+35 1.819433976802651e+00 8.541340000000000e+38 
1.807338055087923e+15 4.380643766755970e+35 1.820634841471153e+00 8.552110000000000e+38 
1.810229644009346e+15 4.394238530139836e+35 1.821834192978099e+00 8.562870000000001e+38 
1.813124750678850e+15 4.407864909252502e+35 1.823034821883254e+00 8.573630000000000e+38 
1.816019857348353e+15 4.421491288365167e+35 1.824233942718586e+00 8.584380000000000e+38 
1.818914964017856e+15 4.435149283206632e+35 1.825434339102971e+00 8.595140000000000e+38 
1.821813588435439e+15 4.448807278048098e+35 1.826633232549862e+00 8.605880000000000e+38 
1.824708695104942e+15 4.462496888618363e+35 1.827833399481129e+00 8.616629999999999e+38 
1.827607319522525e+15 4.476218114917427e+35 1.829034838141657e+00 8.627360000000000e+38 
1.830509461688187e+15 4.489939341216492e+35 1.830234779385520e+00 8.638099999999999e+38 
1.833408086105770e+15 4.503660567515556e+35 1.831433227782043e+00 8.648830000000000e+38 
1.836310228271433e+15 4.517413409543421e+35 1.832632946063807e+00 8.659560000000000e+38 
1.839212370437095e+15 4.531197867300084e+35 1.833833931288444e+00 8.670280000000000e+38 
1.842114512602757e+15 4.544982325056748e+35 1.835033430156046e+00 8.680999999999999e+38 
1.845020172516499e+15 4.558798398542212e+35 1.836234194081565e+00 8.691719999999999e+38 
1.847925832430242e+15 4.572614472027675e+35 1.837433475727972e+00 8.702440000000000e+38 
1.850831492343984e+15 4.586430545513140e+35 1.838631279366489e+00 8.713149999999999e+38 
1.853737152257726e+15 4.600309850456203e+35 1.839833085214319e+00 8.723849999999999e+38 
1.856642812171468e+15 4.614157539670465e+35 1.841030681624861e+00 8.734550000000000e+38 
1.859551989833289e+15 4.628068460342329e+35 1.842232271432324e+00 8.745250000000000e+38 
1.862461167495110e+15 4.641979381014191e+35 1.843432390259819e+00 8.755950000000000e+38 
1.865373862905012e+15 4.655890301686053e+35 1.844631041283072e+00 8.766640000000001e+38 
1.868283040566833e+15 4.669832838086717e+35 1.845830949994190e+00 8.777330000000000e+38 
1.871195735976734e+15 4.683806990216179e+35 1.847032114628034e+00 8.788010000000001e+38 
1.874108431386636e+15 4.697781142345641e+35 1.848231817861482e+00 8.798690000000000e+38 
1.877024644544616e+15 4.711755294475103e+35 1.849430062965428e+00 8.809370000000000e+38 
1.879937339954518e+15 4.725761062333365e+35 1.850629562168232e+00 8.820050000000001e+38 
1.882853553112498e+15 4.739798445920426e+35 1.851830313719908e+00 8.830719999999998e+38 
1.885769766270479e+15 4.753835829507487e+35 1.853029613322778e+00 8.841380000000000e+38 
1.888689497176540e+15 4.767904828823349e+35 1.854230162411927e+00 8.852050000000000e+38 
1.891609228082600e+15 4.781973828139210e+35 1.855429263356171e+00 8.862710000000000e+38 
1.894528958988660e+15 4.796074443183871e+35 1.856629612014874e+00 8.873360000000000e+38 
1.897448689894721e+15 4.810175058228531e+35 1.857828518190567e+00 8.884020000000000e+38 
1.900368420800781e+15 4.824307289001992e+35 1.859028671252112e+00 8.894670000000000e+38 
1.903291669454921e+15 4.838439519775453e+35 1.860227386513169e+00 8.905310000000000e+38 
1.906214918109061e+15 4.852603366277713e+35 1.861427345884362e+00 8.915960000000000e+38 
1.909138166763201e+15 4.866767212779973e+35 1.862625872179096e+00 8.926589999999998e+38 
1.912064933165420e+15 4.880962675011033e+35 1.863825640763259e+00 8.937229999999999e+38 
1.914991699567640e+15 4.895189752970893e+35 1.865026648931453e+00 8.947859999999999e+38 
1.917918465969859e+15 4.909416830930752e+35 1.866226228860090e+00 8.958490000000000e+38 
1.920845232372079e+15 4.923675524619411e+35 1.867427047497393e+00 8.969120000000000e+38 
1.923775516522378e+15 4.937934218308070e+35 1.868626442614785e+00 8.979740000000000e+38 
1.926705800672677e+15 4.952192911996730e+35 1.869824417308418e+00 8.990360000000000e+38 
1.929636084822976e+15 4.966483221414188e+35 1.871023629111501e+00 9.000980000000000e+38 
1.932569886721355e+15 4.980805146560447e+35 1.872224075351594e+00 9.011590000000000e+38 
1.935503688619734e+15 4.995127071706706e+35 1.873423106108004e+00 9.022200000000000e+38 
1.938437490518112e+15 5.009480612581765e+35 1.874623369440227e+00 9.032810000000000e+38 
1.941371292416491e+15 5.023834153456824e+35 1.875822222778736e+00 9.043409999999999e+38 
1.944308612062950e+15 5.038219310060681e+35 1.877022306766936e+00 9.054010000000001e+38 
1.947242413961328e+15 5.052636082393339e+35 1.878223619818416e+00 9.064600000000000e+38 
1.950183251355866e+15 5.067052854725996e+35 1.879423527669025e+00 9.075199999999999e+38 
1.953120571002325e+15 5.081469627058654e+35 1.880622033330370e+00 9.085790000000001e+38 
1.956061408396862e+15 5.095918015120111e+35 1.881821766470972e+00 9.096369999999999e+38 
1.959002245791401e+15 5.110366403181568e+35 1.883020101968037e+00 9.106959999999999e+38 
1.961943083185938e+15 5.124846406971826e+35 1.884219663032618e+00 9.117539999999999e+38 
1.964883920580476e+15 5.139358026490882e+35 1.885420448028454e+00 9.128110000000000e+38 
1.967828275723094e+15 5.153869646009940e+35 1.886619840920234e+00 9.138690000000000e+38 
1.970772630865711e+15 5.168412881257795e+35 1.887820455015403e+00 9.149260000000000e+38 
1.973720503756408e+15 5.182956116505653e+35 1.889019680462465e+00 9.159830000000001e+38 
1.976664858899026e+15 5.197530967482309e+35 1.890220125419469e+00 9.170390000000001e+38 
1.979612731789723e+15 5.212105818458965e+35 1.891419187214895e+00 9.180949999999999e+38 
1.982564122428500e+15 5.226680669435621e+35 1.892616867612852e+00 9.191510000000001e+38 
1.985511995319197e+15 5.241318751869877e+35 1.893818361087771e+00 9.202060000000000e+38 
1.988463385957974e+15 5.255956834304132e+35 1.895018475994225e+00 9.212620000000000e+38 
1.991414776596750e+15 5.270594916738388e+35 1.896217215035638e+00 9.223170000000001e+38 
1.994366167235527e+15 5.285264614901443e+35 1.897417168596543e+00 9.233710000000000e+38 
1.997321075622383e+15 5.299934313064498e+35 1.898615750732450e+00 9.244250000000000e+38 
2.000275984009239e+15 5.314635626956353e+35 1.899815544757928e+00 9.254790000000000e+38 
2.003230892396095e+15 5.329336940848208e+35 1.901013971647479e+00 9.265330000000000e+38 
2.006189318531032e+15 5.344069870468862e+35 1.902213608633141e+00 9.275860000000000e+38 
2.009144226917888e+15 5.358834415818317e+35 1.903414454136250e+00 9.286389999999999e+38 
2.012102653052824e+15 5.373598961167771e+35 1.904613937799971e+00 9.296920000000000e+38 
2.015064596935839e+15 5.388395122246025e+35 1.905814627324695e+00 9.307450000000000e+38 
2.018026540818854e+15 5.403191283324280e+35 1.907013957411136e+00 9.317970000000000e+38 
2.020984966953790e+15 5.417987444402533e+35 1.908211932816950e+00 9.328490000000001e+38 
2.023950428584885e+15 5.432815221209588e+35 1.909411113400763e+00 9.338999999999999e+38 
2.026912372467901e+15 5.447674613745441e+35 1.910611496666040e+00 9.349510000000000e+38 
2.029877834098996e+15 5.462534006281293e+35 1.911810529634421e+00 9.360020000000000e+38 
2.032843295730091e+15 5.477425014545946e+35 1.913010763586869e+00 9.370530000000000e+38 
2.035812275109266e+15 5.492316022810600e+35 1.914209650400542e+00 9.381029999999999e+38 
2.038777736740360e+15 5.507238646804052e+35 1.915409736558775e+00 9.391529999999999e+38 
2.041746716119535e+15 5.522161270797505e+35 1.916608480640126e+00 9.402030000000000e+38 
2.044719213246790e+15 5.537115510519758e+35 1.917808421384925e+00 9.412530000000001e+38 
2.047688192625964e+15 5.552101365970810e+35 1.919009557446184e+00 9.423019999999999e+38 
2.050660689753218e+15 5.567055605693062e+35 1.920206824272011e+00 9.433510000000000e+38 
2.053633186880473e+15 5.582073076872914e+35 1.921407815658832e+00 9.443990000000000e+38 
2.056609201755806e+15 5.597090548052766e+35 1.922607472472046e+00 9.454480000000000e+38 
2.059581698883061e+15 5.612108019232618e+35 1.923805798219202e+00 9.464960000000000e+38 
2.062557713758394e+15 5.627157106141268e+35 1.925005316805871e+00 9.475430000000000e+38 
2.065537246381808e+15 5.642237808778720e+35 1.926206024821297e+00 9.485909999999999e+38 
2.068513261257142e+15 5.657318511416172e+35 1.927405406051508e+00 9.496380000000000e+38 
2.071492793880555e+15 5.672430829782422e+35 1.928605976031460e+00 9.506850000000000e+38 
2.074475844252048e+15 5.687543148148673e+35 1.929805222374231e+00 9.517320000000000e+38 
2.077455376875462e+15 5.702655466514924e+35 1.931003148713981e+00 9.527780000000000e+38 
2.080438427246955e+15 5.717799400609975e+35 1.932202262203596e+00 9.538240000000001e+38 
2.083421477618448e+15 5.732974950433826e+35 1.933402560377741e+00 9.548700000000000e+38 
2.086404527989940e+15 5.748150500257675e+35 1.934601543589497e+00 9.559150000000001e+38 
2.089391096109513e+15 5.763357665810325e+35 1.935801709841054e+00 9.569600000000002e+38 
2.092377664229086e+15 5.778564831362975e+35 1.937000564165686e+00 9.580050000000000e+38 
2.095367750096738e+15 5.793803612644425e+35 1.938200599103373e+00 9.590500000000001e+38 
2.098354318216310e+15 5.809042393925875e+35 1.939399325968405e+00 9.600940000000001e+38 
2.101344404083962e+15 5.824312790936124e+35 1.940599232645973e+00 9.611389999999999e+38 
2.104334489951615e+15 5.839614803675172e+35 1.941800316771521e+00 9.621820000000000e+38 
2.107328093567346e+15 5.854916816414221e+35 1.943000096943808e+00 9.632260000000000e+38 
2.110321697183078e+15 5.870218829153270e+35 1.944198575741769e+00 9.642689999999999e+38 
2.113315300798810e+15 5.885552457621120e+35 1.945398230475589e+00 9.653119999999998e+38 
2.116308904414542e+15 5.900886086088968e+35 1.946596588624264e+00 9.663550000000001e+38 
2.119306025778353e+15 5.916251330285617e+35 1.947796121024225e+00 9.673980000000000e+38 
2.122303147142165e+15 5.947835443356504e+35 1.948996929966580e+00 1.038500000000000e+39 
2.332284565509098e+15 5.947835443356504e+35 1.950213475523817e+00 1.040500000000000e+39 
2.338018494878832e+15 5.964370469518741e+35 1.951410505020349e+00 1.042490000000000e+39 
2.343770012988962e+15 5.980968727138578e+35 1.952609996611967e+00 1.044490000000000e+39 
2.349535602091412e+15 5.997566984758414e+35 1.953807194973077e+00 1.046490000000000e+39 
2.355315262186180e+15 6.014228473835849e+35 1.955006656595614e+00 1.048490000000000e+39 
2.361108993273266e+15 6.030921578642085e+35 1.956206097598300e+00 1.050500000000000e+39 
2.366920313100750e+15 6.047614683448320e+35 1.957403245226963e+00 1.052520000000000e+39 
2.372742186172472e+15 6.064371019712154e+35 1.958602630079603e+00 1.054530000000000e+39 
2.378578130236514e+15 6.081158971704789e+35 1.959801981805444e+00 1.056550000000000e+39 
2.384428145292873e+15 6.098010155155022e+35 1.961003550882868e+00 1.058570000000000e+39 
2.390292231341551e+15 6.114861338605256e+35 1.962202824707419e+00 1.060600000000000e+39 
2.396173906130627e+15 6.131744137784289e+35 1.963402052299051e+00 1.062630000000000e+39 
2.402062616415862e+15 6.148690168420923e+35 1.964603472541383e+00 1.064670000000000e+39 
2.407968915441494e+15 6.165636199057555e+35 1.965802599269155e+00 1.066700000000000e+39 
2.413889285459446e+15 6.182645461151787e+35 1.967003901953166e+00 1.068740000000000e+39 
2.419823726469716e+15 6.199686338974820e+35 1.968205139961540e+00 1.070790000000000e+39 
2.425768720724224e+15 6.216758832526651e+35 1.969406310120369e+00 1.072840000000000e+39 
2.431731303719130e+15 6.233862941807281e+35 1.970607408613409e+00 1.074890000000000e+39 
2.437704439958276e+15 6.250998666816713e+35 1.971808431646690e+00 1.076940000000000e+39 
2.443691647189740e+15 6.268166007554942e+35 1.973009376124117e+00 1.079000000000000e+39 
2.449692925413521e+15 6.285396579750773e+35 1.974212446122523e+00 1.081060000000000e+39 
2.455708274629622e+15 6.302627151946603e+35 1.975413222821885e+00 1.083130000000000e+39 
2.461734177089960e+15 6.319920955600034e+35 1.976616109666923e+00 1.085190000000000e+39 
2.467774150542618e+15 6.337246374982261e+35 1.977818900875716e+00 1.087270000000000e+39 
2.473828194987594e+15 6.354603410093289e+35 1.979021592123277e+00 1.089340000000000e+39 
2.479896310424888e+15 6.372086908119518e+35 1.980230740939681e+00 1.091420000000000e+39 
2.485974979106420e+15 6.389412327501747e+35 1.981426677076509e+00 1.093500000000000e+39 
2.492067718780272e+15 6.406895825527974e+35 1.982631229019814e+00 1.095580000000000e+39 
2.498174529446442e+15 6.424379323554202e+35 1.983833491054501e+00 1.097670000000000e+39 
2.504291893356850e+15 6.441926053038029e+35 1.985037807901140e+00 1.099760000000000e+39 
2.510423328259576e+15 6.459504398250656e+35 1.986242003127252e+00 1.101850000000000e+39 
2.516568834154622e+15 6.477114359192083e+35 1.987446073055267e+00 1.103950000000000e+39 
2.522724893293906e+15 6.494755935862307e+35 1.988650014967505e+00 1.106050000000000e+39 
2.528891505677428e+15 6.512429128261334e+35 1.989853826981687e+00 1.108150000000000e+39 
2.535075706801349e+15 6.530133936389158e+35 1.991057505491565e+00 1.110250000000000e+39 
2.541270461169508e+15 6.547901975974581e+35 1.992263192602357e+00 1.112360000000000e+39 
2.547475768781906e+15 6.565701631288807e+35 1.993468737414735e+00 1.114470000000000e+39 
2.553695147386623e+15 6.583501286603033e+35 1.994671999530619e+00 1.116590000000000e+39 
2.559925079235578e+15 6.601364173374856e+35 1.995877250825629e+00 1.118700000000000e+39 
2.566169082076852e+15 6.619258675875479e+35 1.997082351725500e+00 1.120820000000000e+39 
2.572427155910444e+15 6.637216409833702e+35 1.998289424228280e+00 1.122950000000000e+39 
2.578695782988274e+15 6.655174143791925e+35 1.999494215389809e+00 1.125070000000000e+39 
2.584974963310345e+15 6.673195109207746e+35 2.000700965460479e+00 1.127200000000000e+39 
2.591264696876653e+15 6.691247690352368e+35 2.001907552041406e+00 1.129330000000000e+39 
2.597568501435280e+15 6.709300271496990e+35 2.003111862828808e+00 1.131460000000000e+39 
2.603882859238145e+15 6.727447699828011e+35 2.004320219108350e+00 1.133600000000000e+39 
2.610211288033329e+15 6.745595128159031e+35 2.005526299416867e+00 1.135740000000000e+39 
2.616553787820831e+15 6.763774172218852e+35 2.006732205101186e+00 1.137880000000000e+39 
2.622906840852572e+15 6.782016447736272e+35 2.007940027549738e+00 1.140030000000000e+39 
2.629270447128552e+15 6.800258723253693e+35 2.009145578355302e+00 1.142180000000000e+39 
2.635644606648770e+15 6.818564230228710e+35 2.010353034375255e+00 1.144330000000000e+39 
2.642032837161308e+15 6.836901352932531e+35 2.011560304055941e+00 1.146480000000000e+39 
2.648431620918083e+15 6.855301707093950e+35 2.012769462843073e+00 1.148630000000000e+39 
2.654844475667177e+15 6.873702061255368e+35 2.013976353105199e+00 1.150790000000000e+39 
2.661267883660510e+15 6.892165646874386e+35 2.015185119914662e+00 1.152950000000000e+39 
2.667701844898082e+15 6.910629232493404e+35 2.016391622131614e+00 1.155120000000000e+39 
2.674149877127972e+15 6.929156049570020e+35 2.017599989066542e+00 1.157280000000000e+39 
2.680601427105941e+15 6.947714482375437e+35 2.018808154288800e+00 1.159450000000000e+39 
2.687070565824308e+15 6.966304530909654e+35 2.020016115947195e+00 1.161620000000000e+39 
2.693550257786914e+15 6.984957810901471e+35 2.021225921925912e+00 1.163790000000000e+39 
2.700044020741839e+15 7.003611090893287e+35 2.022433468868633e+00 1.165970000000000e+39 
2.706544819192924e+15 7.022327602342701e+35 2.023642848516251e+00 1.168150000000000e+39 
2.713059688636326e+15 7.041075729520915e+35 2.024852013087352e+00 1.170330000000000e+39 
2.719588629072046e+15 7.059855472427929e+35 2.026060959503713e+00 1.172510000000000e+39 
2.726124605003926e+15 7.078666831063745e+35 2.027269686225066e+00 1.174700000000000e+39 
2.732674651928123e+15 7.097541421157159e+35 2.028480219840821e+00 1.176890000000000e+39 
2.739235252096560e+15 7.116416011250572e+35 2.029688502644746e+00 1.179080000000000e+39 
2.745806405509236e+15 7.135353832801584e+35 2.030898580943662e+00 1.181270000000000e+39 
2.752388112166150e+15 7.154323270081398e+35 2.032108429706706e+00 1.183470000000000e+39 
2.758980372067304e+15 7.173324323090011e+35 2.033318047417985e+00 1.185670000000000e+39 
2.765586702960775e+15 7.192356991827423e+35 2.034527431878802e+00 1.187870000000000e+39 
2.772203587098485e+15 7.211452892022436e+35 2.035738586438030e+00 1.190070000000000e+39 
2.778831024480434e+15 7.230580407946246e+35 2.036949500999550e+00 1.192280000000000e+39 
2.785469015106622e+15 7.249739539598855e+35 2.038160174062823e+00 1.194490000000000e+39 
2.792117558977048e+15 7.268930286980267e+35 2.039370604293730e+00 1.196700000000000e+39 
2.798776656091714e+15 7.288152650090477e+35 2.040580790418278e+00 1.198910000000000e+39 
2.805449824198698e+15 7.307406628929487e+35 2.041790730285394e+00 1.201120000000000e+39 
2.812130027801841e+15 7.326723839226096e+35 2.043002405900261e+00 1.203340000000000e+39 
2.818824302397302e+15 7.346072665251506e+35 2.044213829424760e+00 1.205560000000000e+39 
2.825529130237002e+15 7.365453107005714e+35 2.045424998757537e+00 1.207780000000000e+39 
2.832244511320942e+15 7.384865164488723e+35 2.046635912696361e+00 1.210010000000000e+39 
2.838970445649119e+15 7.404308837700531e+35 2.047846569850109e+00 1.212230000000000e+39 
2.845706933221535e+15 7.423815742369938e+35 2.049058934223464e+00 1.214460000000000e+39 
2.852453974038190e+15 7.443322647039347e+35 2.050269074532726e+00 1.216690000000000e+39 
2.859208050351005e+15 7.462892783166354e+35 2.051480912761170e+00 1.218930000000000e+39 
2.865976197656138e+15 7.482494535022159e+35 2.052692486541137e+00 1.221160000000000e+39 
2.872754898205509e+15 7.502159518335565e+35 2.053905744791561e+00 1.223400000000000e+39 
2.879547669747198e+15 7.521824501648972e+35 2.055116784427158e+00 1.225640000000000e+39 
2.886347476785048e+15 7.541552716419978e+35 2.056329498218439e+00 1.227880000000000e+39 
2.893161354815215e+15 7.561312546919781e+35 2.057541938321847e+00 1.230130000000000e+39 
2.899982268341542e+15 7.581103993148385e+35 2.058754103464593e+00 1.232370000000000e+39 
2.906817252860186e+15 7.600927055105792e+35 2.059965992535205e+00 1.234620000000000e+39 
2.913659272874990e+15 7.620781732791995e+35 2.061177604282703e+00 1.236870000000000e+39 
2.920515363882113e+15 7.640699641935796e+35 2.062390863616623e+00 1.239120000000000e+39 
2.927382008133474e+15 7.660649166808401e+35 2.063603839584848e+00 1.241380000000000e+39 
2.934255687880994e+15 7.680630307409805e+35 2.064816531684820e+00 1.243640000000000e+39 
2.941143438620834e+15 7.700643063740008e+35 2.066028938863808e+00 1.245900000000000e+39 
2.948041742604911e+15 7.720687435799009e+35 2.067241059277693e+00 1.248160000000000e+39 
2.954950599833228e+15 7.740795039315610e+35 2.068454800437014e+00 1.250420000000000e+39 
2.961866492557702e+15 7.760934258561011e+35 2.069668250263098e+00 1.252690000000000e+39 
2.968796456274497e+15 7.781105093535212e+35 2.070881407606901e+00 1.254960000000000e+39 
2.975736973235530e+15 7.801307544238213e+35 2.072094270679584e+00 1.257230000000000e+39 
2.982688043440801e+15 7.821573226398813e+35 2.073308733465510e+00 1.259500000000000e+39 
2.989649666890311e+15 7.841838908559413e+35 2.074521005527176e+00 1.261770000000000e+39 
2.996618325835980e+15 7.862167822177613e+35 2.075734868847664e+00 1.264050000000000e+39 
3.003601055773968e+15 7.882528351524614e+35 2.076948431541916e+00 1.266330000000000e+39 
3.010594338956194e+15 7.902920496600411e+35 2.078161691743745e+00 1.268610000000000e+39 
3.017598175382660e+15 7.923375873133810e+35 2.079376526492908e+00 1.270890000000000e+39 
3.024612565053364e+15 7.943831249667207e+35 2.080589179399106e+00 1.273180000000000e+39 
3.031633990220228e+15 7.964349857658204e+35 2.081803398594454e+00 1.275470000000000e+39 
3.038669486379409e+15 7.984900081378003e+35 2.083017309054296e+00 1.277760000000000e+39 
3.045715535782829e+15 8.005513536555399e+35 2.084232773603645e+00 1.280050000000000e+39 
3.052772138430488e+15 8.026126991732796e+35 2.085446062810298e+00 1.282340000000000e+39 
3.059835776574306e+15 8.046803678367791e+35 2.086660898051591e+00 1.284640000000000e+39 
3.066913485710444e+15 8.067511980731588e+35 2.087875417880201e+00 1.286930000000000e+39 
3.074001748090818e+15 8.088251898824182e+35 2.089089620639236e+00 1.289230000000000e+39 
3.081097045967354e+15 8.109023432645577e+35 2.090303506028665e+00 1.291540000000000e+39 
3.088206414836206e+15 8.129858197924572e+35 2.091518917777450e+00 1.293840000000000e+39 
3.095322819201218e+15 8.150692963203567e+35 2.092732166274469e+00 1.296140000000000e+39 
3.102453294558550e+15 8.171590959940159e+35 2.093946932669082e+00 1.298450000000000e+39 
3.109590805412039e+15 8.192520572405554e+35 2.095161375258580e+00 1.300760000000000e+39 
3.116742387257847e+15 8.213513416328544e+35 2.096377324640774e+00 1.303070000000000e+39 
3.123901004599814e+15 8.234506260251539e+35 2.097591117360085e+00 1.305390000000000e+39 
3.131070175186020e+15 8.255562335632130e+35 2.098806409181497e+00 1.307700000000000e+39 
3.138253416764545e+15 8.276650026741522e+35 2.100021370959278e+00 1.310020000000000e+39 
3.145443693839228e+15 8.297769333579715e+35 2.101236001677390e+00 1.312340000000000e+39 
3.152644524158151e+15 8.318951871875505e+35 2.102452116574038e+00 1.314660000000000e+39 
3.159855907721312e+15 8.340134410171298e+35 2.103666084590185e+00 1.316990000000000e+39 
3.167081362276791e+15 8.361380179924689e+35 2.104881528049342e+00 1.319310000000000e+39 
3.174313852328430e+15 8.382657565406876e+35 2.106096634486032e+00 1.321640000000000e+39 
3.181556895624308e+15 8.403998182346665e+35 2.107313206267670e+00 1.323970000000000e+39 
3.188810492164424e+15 8.425338799286455e+35 2.108527637869069e+00 1.326300000000000e+39 
3.196074641948779e+15 8.446742647683844e+35 2.109743526793944e+00 1.328640000000000e+39 
3.203349344977372e+15 8.468178111810032e+35 2.110959073477575e+00 1.330980000000000e+39 
3.210634601250205e+15 8.489645191665021e+35 2.112174276993716e+00 1.333310000000000e+39 
3.217930410767276e+15 8.511175502977609e+35 2.113390923505314e+00 1.335650000000000e+39 
3.225236773528586e+15 8.532705814290195e+35 2.114605439074032e+00 1.338000000000000e+39 
3.232550171786056e+15 8.554299357060381e+35 2.115821390390118e+00 1.340340000000000e+39 
3.239877641035844e+15 8.575924515559369e+35 2.117036993655974e+00 1.342690000000000e+39 
3.247215663529870e+15 8.597581289787155e+35 2.118252247395303e+00 1.345030000000000e+39 
3.254564239268135e+15 8.619301295472541e+35 2.119468922121130e+00 1.347380000000000e+39 
3.261919850502560e+15 8.641052916886728e+35 2.120685243863498e+00 1.349740000000000e+39 
3.269289532729302e+15 8.662836154029712e+35 2.121901211901379e+00 1.352090000000000e+39 
3.276669768200284e+15 8.684651006901498e+35 2.123116825016613e+00 1.354450000000000e+39 
3.284057039167424e+15 8.706497475502080e+35 2.124332083133438e+00 1.356800000000000e+39 
3.291458381126883e+15 8.728407175560266e+35 2.125548741404185e+00 1.359160000000000e+39 
3.298866758582502e+15 8.750348491347248e+35 2.126765040702223e+00 1.361530000000000e+39 
3.306289207030438e+15 8.772321422863032e+35 2.127980980349817e+00 1.363890000000000e+39 
3.313718690974534e+15 8.794325970107613e+35 2.129196559674428e+00 1.366260000000000e+39 
3.321162245910948e+15 8.816393748809796e+35 2.130413521888365e+00 1.368620000000000e+39 
3.328612836343521e+15 8.838461527511978e+35 2.131628379294654e+00 1.370990000000000e+39 
3.336073980020334e+15 8.860592537671760e+35 2.132844612710264e+00 1.373370000000000e+39 
3.343549194689464e+15 8.882786779289142e+35 2.134062215497224e+00 1.375740000000000e+39 
3.351031444854754e+15 8.904981020906522e+35 2.135277717988160e+00 1.378120000000000e+39 
3.358527766012362e+15 8.927238493981503e+35 2.136494582537022e+00 1.380490000000000e+39 
3.366031122666128e+15 8.949527582785281e+35 2.137711077381141e+00 1.382870000000000e+39 
3.373545032564135e+15 8.971848287317861e+35 2.138927202530120e+00 1.385260000000000e+39 
3.381073013454459e+15 8.994200607579243e+35 2.140142956774771e+00 1.387640000000000e+39 
3.388608029840942e+15 9.016616159298220e+35 2.141360056412857e+00 1.390030000000000e+39 
3.396153599471664e+15 9.039063326746000e+35 2.142576782127537e+00 1.392410000000000e+39 
3.403713240094706e+15 9.061542109922578e+35 2.143793132739643e+00 1.394800000000000e+39 
3.411279916213906e+15 9.084052508827955e+35 2.145009107684963e+00 1.397190000000000e+39 
3.418857145577344e+15 9.106626139190931e+35 2.146226412121917e+00 1.399590000000000e+39 
3.426444928185022e+15 9.129231385282710e+35 2.147443337917803e+00 1.401980000000000e+39 
3.434046781785017e+15 9.151868247103285e+35 2.148659883971364e+00 1.404380000000000e+39 
3.441655670881172e+15 9.174536724652661e+35 2.149876049870759e+00 1.406780000000000e+39 
3.449275113221566e+15 9.197236817930837e+35 2.151091835689496e+00 1.409180000000000e+39 
3.456908626554278e+15 9.220000142666614e+35 2.152308930958520e+00 1.411590000000000e+39 
3.464549175383148e+15 9.242795083131190e+35 2.153525642155593e+00 1.413990000000000e+39 
3.472203795204338e+15 9.265621639324563e+35 2.154741968661264e+00 1.416400000000000e+39 
3.479865450521687e+15 9.288511426975539e+35 2.155959592018360e+00 1.418810000000000e+39 
3.487541176831354e+15 9.311432830355312e+35 2.157176827322128e+00 1.421220000000000e+39 
3.495223938637180e+15 9.334385849463883e+35 2.158393674095022e+00 1.423640000000000e+39 
3.502920771435325e+15 9.357370484301257e+35 2.159610131986266e+00 1.426050000000000e+39 
3.510624639729629e+15 9.380386734867432e+35 2.160826200568982e+00 1.428470000000000e+39 
3.518346096764330e+15 9.403466216891203e+35 2.162043546826466e+00 1.430890000000000e+39 
3.526085142539430e+15 9.426577314643774e+35 2.163260497939457e+00 1.433310000000000e+39 
3.533824188314530e+15 9.449720028125146e+35 2.164477053943002e+00 1.435730000000000e+39 
3.541563234089630e+15 9.472894357335317e+35 2.165693217402124e+00 1.438160000000000e+39 
3.549302279864730e+15 9.496131918003089e+35 2.166910647658244e+00 1.440590000000000e+39 
3.557076503120626e+15 9.519401094399657e+35 2.168127683496667e+00 1.443020000000000e+39 
3.564885903857317e+15 9.542701886525028e+35 2.169344316848904e+00 1.445450000000000e+39 
3.572660127113213e+15 9.566034294379200e+35 2.170560550873954e+00 1.447880000000000e+39 
3.580469527849904e+15 9.589429933690967e+35 2.171778033805264e+00 1.450320000000000e+39 
3.588278928586596e+15 9.612857188731535e+35 2.172995114852908e+00 1.452760000000000e+39 
3.596088329323288e+15 9.636316059500905e+35 2.174211797156170e+00 1.455200000000000e+39 
3.603932907540775e+15 9.659806545999072e+35 2.175428078120087e+00 1.457640000000000e+39 
3.611777485758262e+15 9.683360263954841e+35 2.176645590005938e+00 1.460080000000000e+39 
3.619657241456546e+15 9.706945597639407e+35 2.177862693502633e+00 1.462530000000000e+39 
3.627501819674034e+15 9.730562547052775e+35 2.179079391376178e+00 1.464980000000000e+39 
3.635381575372317e+15 9.754211112194941e+35 2.180295686758688e+00 1.467430000000000e+39 
3.643296508551396e+15 9.777922908794709e+35 2.181513195012449e+00 1.469880000000000e+39 
3.651176264249680e+15 9.801666321123273e+35 2.182730293454969e+00 1.472330000000000e+39 
3.659091197428758e+15 9.825441349180637e+35 2.183946984845769e+00 1.474790000000000e+39 
3.667006130607838e+15 9.849247992966805e+35 2.185163266671809e+00 1.477250000000000e+39 
3.674956241267714e+15 9.873117868210568e+35 2.186380749611930e+00 1.479710000000000e+39 
3.682906351927588e+15 9.897019359183132e+35 2.187597816171552e+00 1.482170000000000e+39 
3.690856462587464e+15 9.920952465884497e+35 2.188814469121073e+00 1.484640000000000e+39 
3.698806573247338e+15 9.944917188314660e+35 2.190030711212006e+00 1.487100000000000e+39 
3.706791861388010e+15 9.968945142202423e+35 2.191248142102011e+00 1.489570000000000e+39 
3.714777149528682e+15 9.993004711818985e+35 2.192465155405337e+00 1.492040000000000e+39 
3.722797615150148e+15 1.001709589716435e+36 2.193681749089193e+00 1.494510000000000e+39 
3.730818080771616e+15 1.004121869823851e+36 2.194897920752722e+00 1.496990000000000e+39 
3.738838546393082e+15 1.006540473077027e+36 2.196115264685426e+00 1.499470000000000e+39 
3.746859012014550e+15 1.008962237903083e+36 2.197332189931818e+00 1.501950000000000e+39 
3.754914655116812e+15 1.011387164302019e+36 2.198548694121955e+00 1.504430000000000e+39 
3.762970298219076e+15 1.013815252273835e+36 2.199764774889706e+00 1.506910000000000e+39 
3.771025941321338e+15 1.016249663391411e+36 2.200982016407021e+00 1.509400000000000e+39 
3.779116761904396e+15 1.018687236081867e+36 2.202198833118520e+00 1.511880000000000e+39 
3.787207582487456e+15 1.021127970345203e+36 2.203415222586391e+00 1.514370000000000e+39 
3.795298403070515e+15 1.023575027754299e+36 2.204632761303920e+00 1.516870000000000e+39 
3.803424401134369e+15 1.026022085163395e+36 2.205848300876909e+00 1.519360000000000e+39 
3.811550399198224e+15 1.028475465718251e+36 2.207064979831107e+00 1.521860000000000e+39 
3.819676397262078e+15 1.030935169418866e+36 2.208282796679133e+00 1.524360000000000e+39 
3.827837572806729e+15 1.033394873119482e+36 2.209498618415521e+00 1.526860000000000e+39 
3.835998748351380e+15 1.035860899965858e+36 2.210715568285468e+00 1.529360000000000e+39 
3.844159923896030e+15 1.038330088385113e+36 2.211932086980759e+00 1.531860000000000e+39 
3.852356276921478e+15 1.040802438377249e+36 2.213148172163970e+00 1.534370000000000e+39 
3.860552629946924e+15 1.043281111515145e+36 2.214365374479446e+00 1.536880000000000e+39 
3.868748982972370e+15 1.045759784653040e+36 2.215580591933981e+00 1.539390000000000e+39 
3.876980513478614e+15 1.048244780936696e+36 2.216796922267651e+00 1.541910000000000e+39 
3.885212043984855e+15 1.050736100366111e+36 2.218014358763421e+00 1.544420000000000e+39 
3.893443574491098e+15 1.053227419795526e+36 2.219229814490250e+00 1.546940000000000e+39 
3.901710282478136e+15 1.055725062370702e+36 2.220446372196146e+00 1.549460000000000e+39 
3.909976990465175e+15 1.058225866518757e+36 2.221662487476168e+00 1.551980000000000e+39 
3.918243698452213e+15 1.060732993812572e+36 2.222879698596611e+00 1.554510000000000e+39 
3.926545583920048e+15 1.063240121106388e+36 2.224094933536696e+00 1.557040000000000e+39 
3.934847469387882e+15 1.065753571545963e+36 2.225311255073092e+00 1.559570000000000e+39 
3.943149354855716e+15 1.068270183558418e+36 2.226527134076145e+00 1.562100000000000e+39 
3.951486417804346e+15 1.070793118716633e+36 2.227744093558155e+00 1.564630000000000e+39 
3.959823480752976e+15 1.073319215447728e+36 2.228960604147415e+00 1.567170000000000e+39 
3.968160543701607e+15 1.075848473751703e+36 2.230176668957174e+00 1.569710000000000e+39 
3.976532784131032e+15 1.078380893628558e+36 2.231392286021637e+00 1.572250000000000e+39 
3.984905024560458e+15 1.080916475078293e+36 2.232607453618098e+00 1.574790000000000e+39 
3.993312442470681e+15 1.083458379673788e+36 2.233823682634485e+00 1.577340000000000e+39 
4.001684682900107e+15 1.086003445842163e+36 2.235039460774324e+00 1.579890000000000e+39 
4.010092100810328e+15 1.088554835156298e+36 2.236256299190003e+00 1.582440000000000e+39 
4.018534696201346e+15 1.091106224470432e+36 2.237471175376144e+00 1.584990000000000e+39 
4.026977291592365e+15 1.093663936930327e+36 2.238687098519949e+00 1.587540000000000e+39 
4.035419886983382e+15 1.096224810963102e+36 2.239902566180001e+00 1.590100000000000e+39 
4.043862482374401e+15 1.098792008141637e+36 2.241119079484283e+00 1.592660000000000e+39 
4.052340255246214e+15 1.101359205320171e+36 2.242333640118408e+00 1.595220000000000e+39 
4.060818028118028e+15 1.103932725644466e+36 2.243549237873890e+00 1.597790000000000e+39 
4.069330978470638e+15 1.106512569114520e+36 2.244765866846601e+00 1.600360000000000e+39 
4.077843928823248e+15 1.109092412584575e+36 2.245980543063220e+00 1.602930000000000e+39 
4.086356879175858e+15 1.111678579200390e+36 2.247196246783850e+00 1.605500000000000e+39 
4.094905007009263e+15 1.114267907389084e+36 2.248411487817718e+00 1.608070000000000e+39 
4.103453134842668e+15 1.116860397150658e+36 2.249626264153878e+00 1.610650000000000e+39 
4.112001262676074e+15 1.119459210057993e+36 2.250842058159340e+00 1.613230000000000e+39 
4.120584567990276e+15 1.122061184538207e+36 2.252057386711256e+00 1.615810000000000e+39 
4.129167873304477e+15 1.124666320591301e+36 2.253272248159451e+00 1.618400000000000e+39 
4.137786356099475e+15 1.127277779790156e+36 2.254488113265749e+00 1.620980000000000e+39 
4.146404838894472e+15 1.129889238989010e+36 2.255702036194917e+00 1.623570000000000e+39 
4.155023321689470e+15 1.132507021333624e+36 2.256916958913620e+00 1.626160000000000e+39 
4.163641804484468e+15 1.135131126823998e+36 2.258132879997430e+00 1.628760000000000e+39 
4.172295464760261e+15 1.137755232314372e+36 2.259346867916272e+00 1.631360000000000e+39 
4.180984302516850e+15 1.140385660950506e+36 2.260561841535214e+00 1.633960000000000e+39 
4.189637962792644e+15 1.143019251159520e+36 2.261776341847936e+00 1.636560000000000e+39 
4.198361978030028e+15 1.145659164514294e+36 2.262991822838866e+00 1.639160000000000e+39 
4.207050815786618e+15 1.148302239441948e+36 2.264206824930085e+00 1.641770000000000e+39 
4.215774831024003e+15 1.150948475942482e+36 2.265421351235613e+00 1.644380000000000e+39 
4.224498846261388e+15 1.153597874015896e+36 2.266635400081592e+00 1.646990000000000e+39 
4.233258038979569e+15 1.156250433662190e+36 2.267848970049446e+00 1.649610000000000e+39 
4.242017231697750e+15 1.158909316454244e+36 2.269063503647585e+00 1.652230000000000e+39 
4.250776424415932e+15 1.161574522392057e+36 2.270278999783162e+00 1.654850000000000e+39 
4.259570794614908e+15 1.164239728329871e+36 2.271492572906419e+00 1.657470000000000e+39 
4.268365164813886e+15 1.166911257413444e+36 2.272707100800242e+00 1.660100000000000e+39 
4.277194712493658e+15 1.169585948069898e+36 2.273921142796680e+00 1.662730000000000e+39 
4.286024260173432e+15 1.172263800299232e+36 2.275134697116575e+00 1.665360000000000e+39 
4.294853807853204e+15 1.174947975674325e+36 2.276349197559609e+00 1.667990000000000e+39 
4.303718533013773e+15 1.177635312622299e+36 2.277563209885479e+00 1.670630000000000e+39 
4.312583258174342e+15 1.180325811143152e+36 2.278776732750824e+00 1.673270000000000e+39 
4.321483160815706e+15 1.183019471236886e+36 2.279989764839936e+00 1.675910000000000e+39 
4.330383063457072e+15 1.185719454476379e+36 2.281203726208404e+00 1.678560000000000e+39 
4.339282966098436e+15 1.188422599288752e+36 2.282417196313860e+00 1.681210000000000e+39 
4.348218046220597e+15 1.191132067246885e+36 2.283631590761581e+00 1.683860000000000e+39 
4.357153126342757e+15 1.193841535205019e+36 2.284844074199087e+00 1.686520000000000e+39 
4.366123383945714e+15 1.196557326308912e+36 2.286057474866528e+00 1.689170000000000e+39 
4.375093641548670e+15 1.199279440558565e+36 2.287271787202615e+00 1.691830000000000e+39 
4.384063899151626e+15 1.202001554808218e+36 2.288484193519600e+00 1.694500000000000e+39 
4.393069334235380e+15 1.204729992203631e+36 2.289697508535559e+00 1.697160000000000e+39 
4.402074769319132e+15 1.207461591171924e+36 2.290910323054609e+00 1.699830000000000e+39 
4.411115381883680e+15 1.210199513285977e+36 2.292124037465800e+00 1.702500000000000e+39 
4.420155994448228e+15 1.212940596972910e+36 2.293337247016153e+00 1.705180000000000e+39 
4.429231784493572e+15 1.215684842232723e+36 2.294549950513797e+00 1.707860000000000e+39 
4.438307574538917e+15 1.218432249065416e+36 2.295762146458496e+00 1.710540000000000e+39 
4.447383364584262e+15 1.221185979043869e+36 2.296975230895462e+00 1.713220000000000e+39 
4.456494332110402e+15 1.223942870595202e+36 2.298187807595658e+00 1.715910000000000e+39 
4.465605299636542e+15 1.226702923719414e+36 2.299399875295937e+00 1.718600000000000e+39 
4.474751444643478e+15 1.229469299989387e+36 2.300612819250317e+00 1.721290000000000e+39 
4.483897589650414e+15 1.232238837832240e+36 2.301825249798322e+00 1.723990000000000e+39 
4.493043734657350e+15 1.235011537247972e+36 2.303037169967129e+00 1.726690000000000e+39 
4.502225057145082e+15 1.237790559809465e+36 2.304249958541509e+00 1.729390000000000e+39 
4.511441557113610e+15 1.240572743943838e+36 2.305462228462075e+00 1.732090000000000e+39 
4.520658057082137e+15 1.243358089651090e+36 2.306673978544167e+00 1.734800000000000e+39 
4.529874557050666e+15 1.246149758504102e+36 2.307886585464050e+00 1.737520000000000e+39 
4.539126234499990e+15 1.248941427357115e+36 2.309097301191204e+00 1.740230000000000e+39 
4.548377911949313e+15 1.251742580928767e+36 2.310310236102993e+00 1.742950000000000e+39 
4.557664766879433e+15 1.254543734500420e+36 2.311521280184473e+00 1.745670000000000e+39 
4.566951621809552e+15 1.257351211217832e+36 2.312733165729166e+00 1.748400000000000e+39 
4.576238476739672e+15 1.260161849508124e+36 2.313944529177944e+00 1.751120000000000e+39 
4.585560509150588e+15 1.262978810944176e+36 2.315156730074623e+00 1.753860000000000e+39 
4.594917719042299e+15 1.265798933953109e+36 2.316368400808905e+00 1.756590000000000e+39 
4.604274928934011e+15 1.268622218534921e+36 2.317579540377136e+00 1.759330000000000e+39 
4.613632138825722e+15 1.271448664689613e+36 2.318790151917801e+00 1.762070000000000e+39 
4.623024526198229e+15 1.274281433990065e+36 2.320001586367056e+00 1.764820000000000e+39 
4.632416913570737e+15 1.277117364863397e+36 2.321212488674838e+00 1.767560000000000e+39 
4.641844478424040e+15 1.279959618882489e+36 2.322424205812296e+00 1.770320000000000e+39 
4.651272043277344e+15 1.282805034474461e+36 2.323635387044904e+00 1.773070000000000e+39 
4.660734785611443e+15 1.285653611639312e+36 2.324846031431903e+00 1.775830000000000e+39 
4.670197527945543e+15 1.288505350377044e+36 2.326056138030019e+00 1.778590000000000e+39 
4.679695447760438e+15 1.291363412260536e+36 2.327267045590482e+00 1.781360000000000e+39 
4.689193367575333e+15 1.294224635716908e+36 2.328477411700310e+00 1.784130000000000e+39 
4.698726464871023e+15 1.297092182319040e+36 2.329688570893577e+00 1.786900000000000e+39 
4.708259562166714e+15 1.299962890494052e+36 2.330899185026870e+00 1.789680000000000e+39 
4.717827836943202e+15 1.302836760241943e+36 2.332109253139946e+00 1.792460000000000e+39 
4.727396111719689e+15 1.305716953135595e+36 2.333320103672575e+00 1.795240000000000e+39 
4.736999563976972e+15 1.308600307602126e+36 2.334530404737722e+00 1.798030000000000e+39 
4.746603016234255e+15 1.311486823641538e+36 2.335740155396064e+00 1.800820000000000e+39 
4.756241645972334e+15 1.314379662826709e+36 2.336950677961350e+00 1.803610000000000e+39 
4.765880275710412e+15 1.317275663584761e+36 2.338160646462610e+00 1.806410000000000e+39 
4.775518905448492e+15 1.320174825915692e+36 2.339370064260355e+00 1.809210000000000e+39 
4.785227890148161e+15 1.323080311392383e+36 2.340580243305734e+00 1.812020000000000e+39 
4.794901697367036e+15 1.325988958441955e+36 2.341789863993466e+00 1.814830000000000e+39 
4.804610682066707e+15 1.328903928637286e+36 2.343000242639959e+00 1.817640000000000e+39 
4.814354844247174e+15 1.331822060405497e+36 2.344210059593798e+00 1.820460000000000e+39 
4.824099006427640e+15 1.334743353746588e+36 2.345419314369950e+00 1.823280000000000e+39 
4.833878346088903e+15 1.337667808660560e+36 2.346628006221833e+00 1.826100000000000e+39 
4.843657685750164e+15 1.340598586720290e+36 2.347837439158416e+00 1.828930000000000e+39 
4.853472202892223e+15 1.343535687925781e+36 2.349047608669653e+00 1.831760000000000e+39 
4.863286720034281e+15 1.346475950704152e+36 2.350257209441862e+00 1.834600000000000e+39 
4.873136414657135e+15 1.349419375055403e+36 2.351466240771146e+00 1.837440000000000e+39 
4.882986109279990e+15 1.352365960979535e+36 2.352674701950698e+00 1.840280000000000e+39 
4.892870981383640e+15 1.355318870049426e+36 2.353883887366722e+00 1.843130000000000e+39 
4.902791030968086e+15 1.358274940692196e+36 2.355092495639843e+00 1.845980000000000e+39 
4.912675903071736e+15 1.361237334480727e+36 2.356301820968573e+00 1.848840000000000e+39 
4.922631130136979e+15 1.364202889842137e+36 2.357510570160592e+00 1.851700000000000e+39 
4.932586357202221e+15 1.367174768349308e+36 2.358720025164057e+00 1.854560000000000e+39 
4.942541584267462e+15 1.370149808429359e+36 2.359928900997403e+00 1.857430000000000e+39 
4.952531988813500e+15 1.373128010082289e+36 2.361137196951062e+00 1.860300000000000e+39 
4.962557570840334e+15 1.376112534880980e+36 2.362346189456729e+00 1.863180000000000e+39 
4.972583152867167e+15 1.379100221252550e+36 2.363554595662273e+00 1.866060000000000e+39 
4.982643912374797e+15 1.382091069197001e+36 2.364762414904087e+00 1.868940000000000e+39 
4.992704671882427e+15 1.385088240287211e+36 2.365970921476411e+00 1.871830000000000e+39 
5.002800608870852e+15 1.388091734523181e+36 2.367180111211153e+00 1.874720000000000e+39 
5.012896545859278e+15 1.391095228759152e+36 2.368387437719671e+00 1.877620000000000e+39 
5.023027660328500e+15 1.394108207713762e+36 2.369596711542044e+00 1.880520000000000e+39 
5.033193952278517e+15 1.397121186668373e+36 2.370804119843282e+00 1.883420000000000e+39 
5.043360244228535e+15 1.400140488768743e+36 2.372012195853182e+00 1.886330000000000e+39 
5.053526536178552e+15 1.403166114014873e+36 2.373220939508062e+00 1.889240000000000e+39 
5.063763183090161e+15 1.406194900833883e+36 2.374429081380315e+00 1.892160000000000e+39 
5.073964652520975e+15 1.409226849225773e+36 2.375636621152600e+00 1.895080000000000e+39 
5.084236476913380e+15 1.412265120763423e+36 2.376844816017316e+00 1.898010000000000e+39 
5.094508301305785e+15 1.415306553873953e+36 2.378052402421746e+00 1.900940000000000e+39 
5.104780125698189e+15 1.418354310130243e+36 2.379260637338390e+00 1.903870000000000e+39 
5.115087127571392e+15 1.421405227959413e+36 2.380468265194235e+00 1.906810000000000e+39 
5.125429306925388e+15 1.424459307361463e+36 2.381675281770474e+00 1.909750000000000e+39 
5.135771486279385e+15 1.427519709909273e+36 2.382882934563674e+00 1.912700000000000e+39 
5.146148843114178e+15 1.430586435602842e+36 2.384091219564802e+00 1.915650000000000e+39 
5.156526199948971e+15 1.433656322869292e+36 2.385298888876469e+00 1.918610000000000e+39 
5.166938734264559e+15 1.436729371708622e+36 2.386505942033648e+00 1.921570000000000e+39 
5.177351268580148e+15 1.439808743693712e+36 2.387713618721275e+00 1.924530000000000e+39 
5.187798980376533e+15 1.442891277251681e+36 2.388920677087426e+00 1.927500000000000e+39 
5.198281869653713e+15 1.445980133955411e+36 2.390128349304507e+00 1.930470000000000e+39 
5.208764758930894e+15 1.449072152232020e+36 2.391335397360595e+00 1.933450000000000e+39 
5.219282825688870e+15 1.452170493654389e+36 2.392543053565129e+00 1.936430000000000e+39 
5.229836069927643e+15 1.455271996649639e+36 2.393750079852308e+00 1.939420000000000e+39 
5.240389314166415e+15 1.458379822790648e+36 2.394957704762867e+00 1.942410000000000e+39 
5.250977735885984e+15 1.461490810504537e+36 2.396164697685025e+00 1.945400000000000e+39 
5.261566157605551e+15 1.464608121364187e+36 2.397372283138605e+00 1.948400000000000e+39 
5.272189756805916e+15 1.467728593796716e+36 2.398579234391998e+00 1.951410000000000e+39 
5.282813356006281e+15 1.470852227802125e+36 2.399785551015270e+00 1.954420000000000e+39 
5.293472132687440e+15 1.473985346526174e+36 2.400993671500797e+00 1.957430000000000e+39 
5.304166086849397e+15 1.477118465250223e+36 2.402199932956698e+00 1.960450000000000e+39 
5.314860041011353e+15 1.480257907120032e+36 2.403406769681390e+00 1.963470000000000e+39 
5.325589172654105e+15 1.483403672135601e+36 2.404614178281865e+00 1.966500000000000e+39 
5.336353481777653e+15 1.486552598724050e+36 2.405820939655195e+00 1.969530000000000e+39 
5.347117790901200e+15 1.489707848458259e+36 2.407028263428617e+00 1.972570000000000e+39 
5.357882100024747e+15 1.492866259765348e+36 2.408234941673382e+00 1.975610000000000e+39 
5.368716764109888e+15 1.496030994218196e+36 2.409442176794385e+00 1.978650000000000e+39 
5.379551428195027e+15 1.499198890243925e+36 2.410648757285820e+00 1.981700000000000e+39 
5.390386092280167e+15 1.502373109415414e+36 2.411855889413254e+00 1.984760000000000e+39 
5.401291111326899e+15 1.505550490159783e+36 2.413062365189291e+00 1.987820000000000e+39 
5.412160952892833e+15 1.508734194049911e+36 2.414269383423323e+00 1.990880000000000e+39 
5.423101149420362e+15 1.511921059512920e+36 2.415475743862193e+00 1.993950000000000e+39 
5.434041345947889e+15 1.515114248121688e+36 2.416682637916650e+00 1.997020000000000e+39 
5.445016719956212e+15 1.518310598303337e+36 2.417888869042462e+00 2.000100000000000e+39 
5.455992093964535e+15 1.521513271630745e+36 2.419095628421388e+00 2.003180000000000e+39 
5.467002645453655e+15 1.524722268103913e+36 2.420302912790794e+00 2.006270000000001e+39 
5.478048374423570e+15 1.527934426149962e+36 2.421509527355784e+00 2.009360000000000e+39 
5.489094103393485e+15 1.531152907341770e+36 2.422716658173167e+00 2.012450000000000e+39 
5.500175009844195e+15 1.534374550106458e+36 2.423923117671223e+00 2.015560000000000e+39 
5.511255916294907e+15 1.537602516016906e+36 2.425130088031664e+00 2.018660000000000e+39 
5.522372000226414e+15 1.540833643500234e+36 2.426336385589302e+00 2.021770000000000e+39 
5.533523261638717e+15 1.544071094129323e+36 2.427543185496589e+00 2.024890000000000e+39 
5.544674523051020e+15 1.547311706331290e+36 2.428749307742892e+00 2.028010000000000e+39 
5.555860961944118e+15 1.550558641679019e+36 2.429955927478782e+00 2.031130000000000e+39 
5.567082578318013e+15 1.553811900172506e+36 2.431163037934923e+00 2.034260000000000e+39 
5.578304194691908e+15 1.557068320238874e+36 2.432369464968892e+00 2.037390000000000e+39 
5.589631343508190e+15 1.560331063451002e+36 2.433576371192857e+00 2.040530000000000e+39 
5.600852959882085e+15 1.563596968236010e+36 2.434782588848628e+00 2.043670000000000e+39 
5.612144931217571e+15 1.566869196166778e+36 2.435989290869975e+00 2.046820000000000e+39 
5.623472080033853e+15 1.570147747243305e+36 2.437196466744725e+00 2.049970000000000e+39 
5.634799228850136e+15 1.573429459892713e+36 2.438402951055173e+00 1.858947886327432e-16 
