		928
1.00000065876E+03 3.45915933143E+17 1.00000104365E+00 5.97040375333E+26
1.696656807918000e+08 3.471964195600000e+25 1.000007074091842e+00 1.047129000000000e+32 
1.736188643920000e+08 3.581370422600001e+25 1.000014164938223e+00 1.071519000000000e+32 
1.776636894684000e+08 3.694634747200000e+25 1.000021338724523e+00 1.096478000000000e+32 
1.818031687840000e+08 3.810986511200001e+25 1.000028540314271e+00 1.122018000000000e+32 
1.860387391950000e+08 3.931441509400000e+25 1.000035826163349e+00 1.148154000000000e+32 
1.903734633800000e+08 4.055176211000001e+25 1.000043140053754e+00 1.174898000000000e+32 
1.948090527310000e+08 4.182767408000000e+25 1.000050510160936e+00 1.202264000000000e+32 
1.993475395260000e+08 4.314857582600000e+25 1.000057966495550e+00 1.230269000000000e+32 
2.039923108950000e+08 4.450541491800000e+25 1.000065451349964e+00 1.258925000000000e+32 
2.087447751710000e+08 4.591006205580001e+25 1.000073023553073e+00 1.288250000000000e+32 
2.136085155810000e+08 4.735292486800000e+25 1.000080624741699e+00 1.318257000000000e+32 
2.185855644030000e+08 4.884197750400001e+25 1.000088290669460e+00 1.348963000000000e+32 
2.236784352440000e+08 5.037613046780001e+25 1.000096008970951e+00 1.380384000000000e+32 
2.288895704030000e+08 5.196432884200001e+25 1.000103817322211e+00 1.412538000000000e+32 
2.342226422420000e+08 5.359567286000001e+25 1.000111655263547e+00 1.445440000000000e+32 
2.396798078280000e+08 5.527780661800001e+25 1.000119553221405e+00 1.479108000000000e+32 
2.452642225400000e+08 5.701372462780001e+25 1.000127518184085e+00 1.513561000000000e+32 
2.509787030440001e+08 5.880219800200001e+25 1.000135537467930e+00 1.548817000000000e+32 
2.568260303520000e+08 6.065360419000001e+25 1.000143649996595e+00 1.584893000000000e+32 
2.628097698640000e+08 6.255528741400001e+25 1.000151793214820e+00 1.621810000000000e+32 
2.689336295960000e+08 6.450997141400002e+25 1.000159972766534e+00 1.659587000000000e+32 
2.751991604970000e+08 6.653957588820002e+25 1.000168272531129e+00 1.698244000000000e+32 
2.816117284940000e+08 6.861773984000001e+25 1.000176577426103e+00 1.737801000000000e+32 
2.881725814770001e+08 7.077553473400001e+25 1.000185004232377e+00 1.778279000000000e+32 
2.948866396980000e+08 7.299185639180001e+25 1.000193462678127e+00 1.819701000000000e+32 
3.017579855400000e+08 7.526991562220001e+25 1.000201958744644e+00 1.862087000000000e+32 
3.087881521250000e+08 7.763521143820002e+25 1.000210579392731e+00 1.905461000000000e+32 
3.159833967300000e+08 8.005706170980001e+25 1.000219205282610e+00 1.995262000000000e+32 
3.308792635630000e+08 8.514630741400002e+25 1.000236714232940e+00 2.041738000000000e+32 
3.385892449660000e+08 8.780065613200002e+25 1.000245537109474e+00 2.089296000000000e+32 
3.464774785420001e+08 9.055664681580003e+25 1.000254489356011e+00 2.137962000000000e+32 
3.545508455130000e+08 9.337842863820000e+25 1.000263446737395e+00 2.187762000000000e+32 
3.628123942960001e+08 9.628751113420000e+25 1.000272470917013e+00 2.238721000000000e+32 
3.712652980970001e+08 9.930323446000002e+25 1.000281612992498e+00 2.290868000000000e+32 
3.799158855010001e+08 1.024004456778000e+26 1.000290788445029e+00 2.344229000000000e+32 
3.887683458530000e+08 1.055885849500000e+26 1.000300018204663e+00 2.398833000000000e+32 
3.978264763040001e+08 1.088883975622000e+26 1.000309353826163e+00 2.454709000000000e+32 
4.070962845530000e+08 1.122771466942000e+26 1.000318722835811e+00 2.511886000000000e+32 
4.165810864220001e+08 1.157816691960000e+26 1.000328191336777e+00 2.570396000000000e+32 
4.262873352850000e+08 1.193978682422000e+26 1.000337739242473e+00 2.630268000000000e+32 
4.362202722800001e+08 1.231114794462000e+26 1.000347321163837e+00 2.691535000000000e+32 
4.463847106970000e+08 1.269398690538000e+26 1.000356974342725e+00 2.754229000000000e+32 
4.567859629820000e+08 1.308865378720000e+26 1.000366699193467e+00 2.818383000000000e+32 
4.674288067710001e+08 1.349713948380000e+26 1.000376535472161e+00 2.884031999999999e+32 
4.783204441720001e+08 1.391662107900000e+26 1.000386406644380e+00 2.951209000000000e+32 
4.894656706480001e+08 1.434905966560000e+26 1.000396351003256e+00 3.019952000000000e+32 
5.008700303960001e+08 1.479663423560000e+26 1.000406409217974e+00 3.090295000000000e+32 
5.125418129710001e+08 1.525480094980000e+26 1.000416471100721e+00 3.162278000000000e+32 
5.244846550810000e+08 1.572856812518000e+26 1.000426638668843e+00 3.235936999999999e+32 
5.367056518720000e+08 1.621695569600000e+26 1.000436881451088e+00 3.311311000000000e+32 
5.492112923720001e+08 1.672043102400000e+26 1.000447200267617e+00 3.388442000000000e+32 
5.620076377610000e+08 1.724151453000000e+26 1.000457636946603e+00 3.467369000000000e+32 
5.751042076570001e+08 1.777493497600000e+26 1.000468077535334e+00 3.548134000000000e+32 
5.885045674600000e+08 1.832649232600000e+26 1.000478627295822e+00 3.630781000000000e+32 
6.022172919570000e+08 1.889508106200000e+26 1.000489255330879e+00 3.715352000000000e+32 
6.162507063570001e+08 1.947933931400000e+26 1.000499927588533e+00 3.801894000000000e+32 
6.306089108700001e+08 2.008591621200000e+26 1.000510755323133e+00 3.890451000000000e+32 
6.453025125610000e+08 2.070878748400001e+26 1.000521620956540e+00 3.981072000000000e+32 
6.603401575250001e+08 2.134883434000000e+26 1.000532531976246e+00 4.073803000000000e+32 
6.757265699170002e+08 2.201065509400000e+26 1.000543557358901e+00 4.168694000000000e+32 
6.914730164010000e+08 2.269074092800000e+26 1.000554629117467e+00 4.265795000000000e+32 
7.075852372710001e+08 2.339452330000000e+26 1.000565825815303e+00 4.365158000000000e+32 
7.240724490860000e+08 2.411943869000000e+26 1.000577096289695e+00 4.466836000000000e+32 
7.409455441430000e+08 2.486433351400000e+26 1.000588413728707e+00 4.570881999999999e+32 
7.582100666390001e+08 2.563457514200000e+26 1.000599849886112e+00 4.677351000000000e+32 
7.758784776470001e+08 2.642602989800000e+26 1.000611333555953e+00 4.786300999999999e+32 
7.939587814900000e+08 2.724180605000000e+26 1.000622900620854e+00 4.897788000000000e+32 
8.124593390310000e+08 2.808398645800000e+26 1.000634570206528e+00 5.011872000000000e+32 
8.313896877150000e+08 2.895556723600001e+26 1.000646372364318e+00 5.128614000000000e+32 
8.507635008510001e+08 2.984905008800001e+26 1.000658195754919e+00 5.248075000000000e+32 
8.705887292810000e+08 3.076999464800000e+26 1.000670105066801e+00 5.370318000000000e+32 
8.908758018000002e+08 3.171920201600000e+26 1.000682100448201e+00 5.495409000000000e+32 
9.116356998400002e+08 3.269758544600000e+26 1.000694183089126e+00 5.623413000000000e+32 
9.328792265630000e+08 3.370599410400001e+26 1.000706353050987e+00 5.754399000000001e+32 
9.546178447300000e+08 3.474537328800000e+26 1.000718611247278e+00 5.888437000000000e+32 
9.768631418910000e+08 3.581666829600001e+26 1.000730958249761e+00 6.025596000000001e+32 
9.996266164610001e+08 3.692085647000001e+26 1.000743394673152e+00 6.165950000000000e+32 
1.022920533416000e+09 3.805893117400001e+26 1.000755920984546e+00 6.309573000000000e+32 
1.046757211213000e+09 3.923194986000001e+26 1.000768538023060e+00 6.456541999999999e+32 
1.071149413984000e+09 4.044096998000000e+26 1.000781246323821e+00 6.606934000000000e+32 
1.096112365987000e+09 4.168310757400000e+26 1.000794005431549e+00 6.760830000000000e+32 
1.121652912790000e+09 4.297254211200001e+26 1.000806948884039e+00 6.918310000000000e+32 
1.147790271899000e+09 4.429635986200000e+26 1.000819935192602e+00 7.079458000000000e+32 
1.174541165040000e+09 4.565092383000001e+26 1.000832920437844e+00 7.244360000000000e+32 
1.201908979343000e+09 4.706260622800000e+26 1.000846145182044e+00 7.413102000000000e+32 
1.229919029148000e+09 4.850727792400001e+26 1.000859371070082e+00 7.585775999999999e+32 
1.258581297575000e+09 4.999488858000001e+26 1.000872679865973e+00 7.762471000000000e+32 
1.287908548756000e+09 5.153790331200001e+26 1.000886170198919e+00 7.943282000000000e+32 
1.317923476462000e+09 5.311555760800001e+26 1.000899649423084e+00 8.128304999999999e+32 
1.348634245459000e+09 5.475057066400001e+26 1.000913300662624e+00 8.317638000000000e+32 
1.380063745615000e+09 5.643030112200001e+26 1.000927006100758e+00 8.511379999999999e+32 
1.412225454142000e+09 5.816136606800001e+26 1.000940808785869e+00 8.709635999999999e+32 
1.445133632640000e+09 5.995111960000000e+26 1.000954754633339e+00 8.912509000000000e+32 
1.478811723614000e+09 6.178980432000001e+26 1.000968755681908e+00 9.120108000000001e+32 
1.513274719571000e+09 6.368469421600000e+26 1.000982856219989e+00 9.332542999999999e+32 
1.548540875359000e+09 6.563748762000002e+26 1.000997056856064e+00 9.549926000000001e+32 
1.584628820193000e+09 6.764994695200001e+26 1.001011358229486e+00 9.772372000000000e+32 
1.621555846263000e+09 6.972727936200001e+26 1.001025784588413e+00 1.000000000000000e+33 
1.659343452931000e+09 7.186818706800000e+26 1.001040314081856e+00 1.023293000000000e+33 
1.698013442618000e+09 7.407103422380001e+26 1.001054923699458e+00 1.047129000000000e+33 
1.737588170382000e+09 7.633198035600001e+26 1.001069577218942e+00 1.071519000000000e+33 
1.778080222085000e+09 7.867119235600001e+26 1.001084392821972e+00 1.096478000000000e+33 
1.819517390020000e+09 8.108187849800000e+26 1.001099313678273e+00 1.122018000000000e+33 
1.861923544540000e+09 8.355809462000001e+26 1.001114291202174e+00 1.148154000000000e+33 
1.905315710430000e+09 8.611804171400002e+26 1.001129422655765e+00 1.174898000000000e+33 
1.949717775870000e+09 8.875617616800002e+26 1.001144661418476e+00 1.202264000000000e+33 
1.995156124820000e+09 9.146383168220001e+26 1.001159945737401e+00 1.230269000000000e+33 
2.041657319510000e+09 9.425608175420002e+26 1.001175348670802e+00 1.258925000000000e+33 
2.089235265000000e+09 9.714273184800002e+26 1.001190909883326e+00 1.288250000000000e+33 
2.137924545670000e+09 1.001175365880000e+27 1.001206581396429e+00 1.318257000000000e+33 
2.187751367210000e+09 1.031731578982000e+27 1.001222312250043e+00 1.348963000000000e+33 
2.238738369910000e+09 1.063190936202000e+27 1.001238139325257e+00 1.380384000000000e+33 
2.290914433510000e+09 1.095635454158000e+27 1.001254090411911e+00 1.412538000000000e+33 
2.344303089650001e+09 1.129174483000000e+27 1.001270204332009e+00 1.445440000000000e+33 
2.398939457520000e+09 1.163625307840000e+27 1.001286379679229e+00 1.479108000000000e+33 
2.454852773400000e+09 1.198979116578000e+27 1.001302600968242e+00 1.513561000000000e+33 
2.512060686020000e+09 1.235673982738000e+27 1.001319054307585e+00 1.548817000000000e+33 
2.570608297690001e+09 1.273364792440000e+27 1.001335569715314e+00 1.584893000000000e+33 
2.630522527180001e+09 1.312042861760000e+27 1.001352131806196e+00 1.621810000000000e+33 
2.691829936720000e+09 1.352056525000000e+27 1.001368875705927e+00 1.659587000000000e+33 
2.754566180310000e+09 1.393287219360000e+27 1.001385736225819e+00 1.698244000000000e+33 
2.818763168280000e+09 1.435738005042000e+27 1.001402700550810e+00 1.737801000000000e+33 
2.884460120030000e+09 1.479441358640000e+27 1.001419767870142e+00 1.778279000000000e+33 
2.951687519730000e+09 1.524471670300000e+27 1.001436953125093e+00 1.819701000000000e+33 
3.020485299860000e+09 1.570754886338000e+27 1.001454214386098e+00 1.862087000000000e+33 
3.090880022650001e+09 1.618636969800000e+27 1.001471665407470e+00 1.905461000000000e+33 
3.162916433870000e+09 1.667973514400000e+27 1.001489237371813e+00 1.949845000000000e+33 
3.236636426970000e+09 1.718601432200000e+27 1.001506858753181e+00 1.995262000000000e+33 
3.312067633800000e+09 1.770978952400000e+27 1.001524674185237e+00 2.041738000000000e+33 
3.389271914050001e+09 1.824546907200000e+27 1.001542479716359e+00 2.089296000000000e+33 
3.468261033540000e+09 1.880143247200000e+27 1.001560538738576e+00 2.137962000000000e+33 
3.549097386770000e+09 1.937194384800000e+27 1.001578648614831e+00 2.187762000000000e+33 
3.631820371410000e+09 1.996020760000000e+27 1.001596896882286e+00 2.238721000000000e+33 
3.716467780700001e+09 2.056579113400000e+27 1.001615254804402e+00 2.290868000000000e+33 
3.803091491210001e+09 2.119020051800000e+27 1.001633752580594e+00 2.344229000000000e+33 
3.891735535630000e+09 2.183194570600000e+27 1.001652331098508e+00 2.398833000000000e+33 
3.982438598550000e+09 2.249581727600000e+27 1.001671112758204e+00 2.454709000000000e+33 
4.075267352950001e+09 2.317585504400000e+27 1.001689913843301e+00 2.511886000000000e+33 
4.170251748190001e+09 2.387931697600000e+27 1.001708919756255e+00 2.570396000000000e+33 
4.267454535310001e+09 2.460230972600001e+27 1.001728008771304e+00 2.630268000000000e+33 
4.366923312400001e+09 2.534770123200000e+27 1.001747241121144e+00 2.691535000000000e+33 
4.468704073120000e+09 2.611632463800000e+27 1.001766621470520e+00 2.754229000000000e+33 
4.572858855430000e+09 2.690882082400000e+27 1.001786149017100e+00 2.818383000000000e+33 
4.679448805940001e+09 2.772193732400001e+27 1.001805728611224e+00 2.884031999999999e+33 
4.788524196790001e+09 2.855955146200000e+27 1.001825438878194e+00 2.951208999999999e+33 
4.900142074380000e+09 2.942310521800001e+27 1.001845296985768e+00 3.019952000000000e+33 
5.014361624350000e+09 3.031195771200000e+27 1.001865271509803e+00 3.090295000000000e+33 
5.131232049220001e+09 3.123146029200001e+27 1.001885464529161e+00 3.162278000000000e+33 
5.250838027240001e+09 3.217486769600000e+27 1.001905711084994e+00 3.235937000000000e+33 
5.373242487720000e+09 3.314341361800000e+27 1.001926023737752e+00 3.311311000000000e+33 
5.498477162720000e+09 3.414861787600001e+27 1.001946625403929e+00 3.388442000000000e+33 
5.626654897150002e+09 3.517644519800001e+27 1.001967211313175e+00 3.467369000000000e+33 
5.757806888260000e+09 3.623873584200001e+27 1.001988002995650e+00 3.548134000000000e+33 
5.892014783710001e+09 3.733303844200000e+27 1.002008933758219e+00 3.630781000000000e+33 
6.029354526520001e+09 3.846119552800000e+27 1.002030020968253e+00 3.715352000000000e+33 
6.169904555490002e+09 3.961851265400001e+27 1.002051160829212e+00 3.801893999999999e+33 
6.313732613220001e+09 4.081056547600001e+27 1.002072439353910e+00 3.890451000000000e+33 
6.460897528810001e+09 4.204260921000000e+27 1.002093931102368e+00 3.981072000000000e+33 
6.611497350760000e+09 4.331275326000000e+27 1.002115583310779e+00 4.073803000000000e+33 
6.765617826940001e+09 4.461571036600000e+27 1.002137289306903e+00 4.168694000000000e+33 
6.923330978430001e+09 4.595777717400001e+27 1.002159137810592e+00 4.265795000000000e+33 
7.084719700780001e+09 4.734012329000001e+27 1.002181129780919e+00 4.365158000000000e+33 
7.249870811480000e+09 4.876396638600000e+27 1.002203266300238e+00 4.466836000000000e+33 
7.418872197640000e+09 5.023052413400001e+27 1.002225547877424e+00 4.570882000000000e+33 
7.591815133500002e+09 5.174227994400000e+27 1.002247993339632e+00 4.677351000000000e+33 
7.768785366930000e+09 5.329822443000001e+27 1.002270569043942e+00 4.786301000000000e+33 
7.949882372590001e+09 5.490085702400001e+27 1.002293292844362e+00 4.897787999999999e+33 
8.135199385690001e+09 5.655157164000002e+27 1.002316165712617e+00 5.011872000000001e+33 
8.324854242700001e+09 5.824581803000000e+27 1.002339107304377e+00 5.128614000000000e+33 
8.518912725250001e+09 5.999689445400001e+27 1.002362278679040e+00 5.248075000000000e+33 
8.717512992590002e+09 6.179425843600001e+27 1.002385521169870e+00 5.370318000000000e+33 
8.920722430780001e+09 6.365176900600000e+27 1.002408994669231e+00 5.495409000000000e+33 
9.128689360460001e+09 6.555837098400001e+27 1.002432540181159e+00 5.623413000000000e+33 
9.341502916630001e+09 6.752194719400001e+27 1.002456237217195e+00 5.754399000000000e+33 
9.559278083440001e+09 6.954421199000001e+27 1.002480086895284e+00 5.888436999999999e+33 
9.782109878799999e+09 7.163418575800001e+27 1.002504174130171e+00 6.025596000000001e+33 
1.001015553685000e+10 7.377933929400002e+27 1.002528334652163e+00 6.165949999999999e+33 
1.024351720630000e+10 7.598858083000001e+27 1.002552650509425e+00 6.309573000000000e+33 
1.048231842826000e+10 7.826384902800001e+27 1.002577123146776e+00 6.456541999999999e+33 
1.072670716683000e+10 8.059706880000001e+27 1.002601647737226e+00 6.606934000000000e+33 
1.097677220047000e+10 8.301001404400001e+27 1.002626432965250e+00 6.760830000000001e+33 
1.123269251226000e+10 8.548629425400001e+27 1.002651289769447e+00 6.918310000000000e+33 
1.149455260218000e+10 8.804528002800001e+27 1.002676391957826e+00 7.079458000000000e+33 
1.176251647863000e+10 9.068070676400000e+27 1.002701655716760e+00 7.244360000000000e+33 
1.203675367638000e+10 9.338528445200002e+27 1.002726992228826e+00 7.413102000000000e+33 
1.231737846650000e+10 9.616800143400002e+27 1.002752467230251e+00 7.585776000000000e+33 
1.260455147026000e+10 9.903584330200000e+27 1.002778123776731e+00 7.762471000000000e+33 
1.289838927624000e+10 1.019994967300000e+28 1.002804034069825e+00 7.943282000000000e+33 
1.319910563017000e+10 1.050408408360000e+28 1.002830018553715e+00 8.128304999999999e+33 
1.350685830100000e+10 1.081591386080000e+28 1.002856053792687e+00 8.317638000000001e+33 
1.382174551550000e+10 1.113894622040000e+28 1.002882410343234e+00 8.511380000000000e+33 
1.414398636750000e+10 1.147101178360000e+28 1.002908887433044e+00 8.709636000000001e+33 
1.447375306582000e+10 1.181208491520000e+28 1.002935463581994e+00 8.912508999999999e+33 
1.481119393110000e+10 1.216417156960000e+28 1.002962273390866e+00 9.120108000000000e+33 
1.515651860886000e+10 1.252608131220000e+28 1.002989203977999e+00 9.332543000000000e+33 
1.550989021615000e+10 1.289845021640000e+28 1.003016282101957e+00 9.549925999999998e+33 
1.587152089427000e+10 1.328143529780000e+28 1.003043498254166e+00 9.772372000000000e+33 
1.624157750394000e+10 1.367549638780000e+28 1.003070863899661e+00 1.000000000000000e+34 
1.662023082782000e+10 1.408298872040000e+28 1.003098518231847e+00 1.023293000000000e+34 
1.700774345762000e+10 1.450077198360000e+28 1.003126225681862e+00 1.047129000000000e+34 
1.740430222030000e+10 1.493124467080000e+28 1.003154124723305e+00 1.071519000000000e+34 
1.781008146392000e+10 1.537413120360000e+28 1.003182174933571e+00 1.096478000000000e+34 
1.822534074960000e+10 1.583046500100000e+28 1.003210419044248e+00 1.122018000000000e+34 
1.865030968910000e+10 1.629825132400000e+28 1.003238712821373e+00 1.148154000000000e+34 
1.908516904820000e+10 1.678195550400000e+28 1.003267303285253e+00 1.174898000000000e+34 
1.953014879520000e+10 1.727958280200000e+28 1.003296047277503e+00 1.202264000000000e+34 
1.998549137730000e+10 1.779233486800000e+28 1.003324990863425e+00 1.230269000000000e+34 
2.045151589780000e+10 1.831788851200000e+28 1.003353981801606e+00 1.258925000000000e+34 
2.092838279970000e+10 1.885898349600000e+28 1.003383150331338e+00 1.288250000000000e+34 
2.141635235720000e+10 1.941847173600000e+28 1.003412623975809e+00 1.318257000000000e+34 
2.191572228120000e+10 1.999197922600000e+28 1.003442148673553e+00 1.348963000000000e+34 
2.242678493450000e+10 2.058021093400000e+28 1.003471741802030e+00 1.380384000000000e+34 
2.294971145630000e+10 2.118794141600001e+28 1.003501619663366e+00 1.412538000000000e+34 
2.348480134020000e+10 2.181632425600000e+28 1.003531810002402e+00 1.445440000000000e+34 
2.403244856290000e+10 2.245808546600000e+28 1.003561941278162e+00 1.479108000000000e+34 
2.459280643660000e+10 2.312110787000000e+28 1.003592362048888e+00 1.513561000000000e+34 
2.516629567850000e+10 2.380108155000000e+28 1.003622850403002e+00 1.548817000000000e+34 
2.575311060290001e+10 2.450363022800000e+28 1.003653633763373e+00 1.584893000000000e+34 
2.635358992280000e+10 2.522742407800000e+28 1.003684626382071e+00 1.621810000000000e+34 
2.696813474570000e+10 2.596921063400000e+28 1.003715666461445e+00 1.659587000000000e+34 
2.759701069390000e+10 2.673273904400000e+28 1.003746888896913e+00 1.698244000000000e+34 
2.824054934960000e+10 2.751865179020001e+28 1.003778295108853e+00 1.737801000000000e+34 
2.889908764310001e+10 2.832761699000001e+28 1.003809886654470e+00 1.778279000000000e+34 
2.957297320090001e+10 2.916026430800001e+28 1.003841662869264e+00 1.819701000000000e+34 
3.026259108620000e+10 3.001724744180000e+28 1.003873623348305e+00 1.862087000000000e+34 
3.096827288120000e+10 3.089942036400000e+28 1.003905774484452e+00 1.905461000000000e+34 
3.169049100140000e+10 3.180402248400000e+28 1.003937992471384e+00 1.949845000000000e+34 
3.242947363240000e+10 3.273855370000000e+28 1.003970518740406e+00 1.995262000000000e+34 
3.318574310530001e+10 3.369682952000000e+28 1.004003112240501e+00 2.041738000000000e+34 
3.395959534830000e+10 3.468678243620001e+28 1.004036016739694e+00 2.089296000000000e+34 
3.475154912710000e+10 3.570103591980000e+28 1.004068961672901e+00 2.137962000000000e+34 
3.556197880870000e+10 3.674573440780000e+28 1.004102122922460e+00 2.187762000000000e+34 
3.639131402380000e+10 3.782089232000000e+28 1.004135474181341e+00 2.238721000000000e+34 
3.723997014150000e+10 3.892738766200000e+28 1.004169016217585e+00 2.290868000000000e+34 
3.810843383890000e+10 4.006616893620000e+28 1.004202751318665e+00 2.344229000000000e+34 
3.899721496820000e+10 4.123280766180000e+28 1.004236524804292e+00 2.398833000000000e+34 
3.990664154620000e+10 4.243863940380001e+28 1.004270638117405e+00 2.454709000000000e+34 
4.083727690610000e+10 4.367976761180001e+28 1.004304951050410e+00 2.511886000000000e+34 
4.178968972920000e+10 4.495122706800001e+28 1.004339302375649e+00 2.570396000000000e+34 
4.276433460400001e+10 4.626051126180001e+28 1.004373870103799e+00 2.630268000000000e+34 
4.376160194180001e+10 4.761300999400001e+28 1.004408766126408e+00 2.691535000000000e+34 
4.478221908420001e+10 4.899853006820000e+28 1.004443700545416e+00 2.754229000000000e+34 
4.582664061970000e+10 5.042508088220001e+28 1.004478850602371e+00 2.818383000000000e+34 
4.689540670640001e+10 5.189211768800000e+28 1.004514175398321e+00 2.884032000000000e+34 
4.798911276610000e+10 5.340276637780001e+28 1.004549722465136e+00 2.951209000000000e+34 
4.910840235350001e+10 5.495004456400001e+28 1.004585302534272e+00 3.019952000000000e+34 
5.025371401280000e+10 5.654934458200001e+28 1.004621241703195e+00 3.090295000000000e+34 
5.142581787040001e+10 5.818720955400001e+28 1.004657209682168e+00 3.162278000000000e+34 
5.262517564560001e+10 5.988034722160000e+28 1.004693545085329e+00 3.235937000000000e+34 
5.385259846690001e+10 6.161448999380002e+28 1.004729913516514e+00 3.311311000000000e+34 
5.510863362320001e+10 6.339863582580001e+28 1.004766478611075e+00 3.388442000000000e+34 
5.639392645190000e+10 6.523918230220001e+28 1.004803341135284e+00 3.467369000000000e+34 
5.770930234310000e+10 6.712385016220001e+28 1.004840228125223e+00 3.548134000000000e+34 
5.905528362790001e+10 6.906683810220001e+28 1.004877390733748e+00 3.630781000000000e+34 
6.043266717320000e+10 7.106580210360001e+28 1.004914753729676e+00 3.715352000000000e+34 
6.184215714550002e+10 7.312384883220002e+28 1.004952345610848e+00 3.801894000000000e+34 
6.328466628720001e+10 7.523128658020001e+28 1.004989963302624e+00 3.890451000000000e+34 
6.476066879650002e+10 7.740758367980002e+28 1.005027925824012e+00 3.981072000000000e+34 
6.627125212040002e+10 7.963787652160001e+28 1.005065944800570e+00 4.073803000000000e+34 
6.781705268280000e+10 8.193213719840001e+28 1.005104163793671e+00 4.168694000000000e+34 
6.939890478730002e+10 8.429217299180002e+28 1.005142583572590e+00 4.265795000000000e+34 
7.101764630290001e+10 8.671950599180000e+28 1.005181199406273e+00 4.365157999999999e+34 
7.267414183910001e+10 8.921674137560002e+28 1.005220022971652e+00 4.466835999999999e+34 
7.436928096320001e+10 9.178555023780000e+28 1.005259050361526e+00 4.570882000000000e+34 
7.610410833740001e+10 9.441719898620001e+28 1.005298122187562e+00 4.677351000000000e+34 
7.787922651430002e+10 9.713457985440001e+28 1.005337548482305e+00 4.786301000000000e+34 
7.969592795140002e+10 9.991877086040001e+28 1.005377024592304e+00 4.897788000000000e+34 
8.155481876670001e+10 1.027940741738000e+29 1.005416864555617e+00 5.011872000000000e+34 
8.345723776790001e+10 1.057396099242000e+29 1.005456748814336e+00 5.128613999999999e+34 
8.540404065100002e+10 1.087686122836000e+29 1.005496829492282e+00 5.248075000000000e+34 
8.739624533770001e+10 1.118821883722000e+29 1.005537091402408e+00 5.370318000000001e+34 
8.943490718640001e+10 1.150866476536000e+29 1.005577585283473e+00 5.495409000000001e+34 
9.152112612300002e+10 1.183818651562000e+29 1.005618278407131e+00 5.623413000000000e+34 
9.365618747420001e+10 1.217549720096000e+29 1.005658984997891e+00 5.754399000000000e+34 
9.584085601830002e+10 1.252405260656000e+29 1.005700091067802e+00 5.888437000000001e+34 
9.807669874860001e+10 1.288103606482000e+29 1.005741232988084e+00 6.025595999999999e+34 
1.003646783231000e+11 1.324781681586000e+29 1.005782541499346e+00 6.165949999999999e+34 
1.027059160601000e+11 1.362609271102000e+29 1.005824175026167e+00 6.309573000000000e+34 
1.051019789529000e+11 1.401320025302000e+29 1.005865810755136e+00 6.456542000000000e+34 
1.075538296595000e+11 1.441228440024000e+29 1.005907757354951e+00 6.606934000000000e+34 
1.100628658167000e+11 1.482244535716000e+29 1.005949886959074e+00 6.760830000000000e+34 
1.126304369284000e+11 1.524449672094000e+29 1.005992251287122e+00 6.918310000000000e+34 
1.152581295976000e+11 1.567627279784000e+29 1.006034605003982e+00 7.079458000000001e+34 
1.179468654802000e+11 1.612247396200000e+29 1.006077377374318e+00 7.244359999999999e+34 
1.206985770230000e+11 1.657902085200000e+29 1.006120145503047e+00 7.413102000000000e+34 
1.235144604177000e+11 1.704832125400000e+29 1.006163107171481e+00 7.585776000000000e+34 
1.263957813813000e+11 1.753330719400000e+29 1.006206494352245e+00 7.762471000000000e+34 
1.293445686264000e+11 1.802950853400000e+29 1.006249874675547e+00 7.943282000000000e+34 
1.323621431337000e+11 1.853956890400000e+29 1.006293451543226e+00 8.128305000000000e+34 
1.354503945652000e+11 1.906177395000001e+29 1.006337050213500e+00 8.317638000000000e+34 
1.386104068025000e+11 1.960091425000000e+29 1.006381038159749e+00 8.511379999999999e+34 
1.418444064379000e+11 2.015267988600000e+29 1.006425031408786e+00 8.709636000000001e+34 
1.451535557918000e+11 2.072282275600000e+29 1.006469455154178e+00 8.912508999999999e+34 
1.485401991147000e+11 2.130591140200000e+29 1.006513853651126e+00 9.120108000000001e+34 
1.520058517016000e+11 2.190539055400000e+29 1.006558460879928e+00 9.332542999999999e+34 
1.555523568643000e+11 2.252158065200000e+29 1.006603267868889e+00 9.549926000000001e+34 
1.591815917859000e+11 2.315486622400000e+29 1.006648269752578e+00 9.772371999999998e+34 
1.628954942613000e+11 2.380547157800000e+29 1.006693449980988e+00 1.000000000000000e+35 
1.666960288259000e+11 2.447455029800000e+29 1.006738855604406e+00 1.023293000000000e+35 
1.705855682534000e+11 2.515933057800000e+29 1.006784268776344e+00 1.047129000000000e+35 
1.745655636616000e+11 2.586626928400000e+29 1.006830084249491e+00 1.071519000000000e+35 
1.786385732250000e+11 2.658948634200001e+29 1.006875887995651e+00 1.096478000000000e+35 
1.828067397490000e+11 2.733289112000001e+29 1.006921898377674e+00 1.122018000000000e+35 
1.870720990770000e+11 2.809622886820001e+29 1.006968066981490e+00 1.148154000000000e+35 
1.914371469890000e+11 2.888135333200000e+29 1.007014472317393e+00 1.174898000000000e+35 
1.959038801090000e+11 2.968806103200000e+29 1.007061068025371e+00 1.202264000000000e+35 
2.004747050820000e+11 3.051670285000000e+29 1.007107841371558e+00 1.230269000000000e+35 
2.051527951140000e+11 3.136474731000000e+29 1.007154620039250e+00 1.258925000000000e+35 
2.099393980950000e+11 3.224030154400000e+29 1.007201816831857e+00 1.288250000000000e+35 
2.148383646570000e+11 3.313535455200001e+29 1.007248966651121e+00 1.318257000000000e+35 
2.198514418460000e+11 3.405538585800000e+29 1.007296328792292e+00 1.348963000000000e+35 
2.249814998090000e+11 3.500028491020001e+29 1.007343863837639e+00 1.380384000000000e+35 
2.302311769420000e+11 3.597153694800001e+29 1.007391612406671e+00 1.412538000000000e+35 
2.356035573160000e+11 3.696901860200000e+29 1.007439534245469e+00 1.445440000000000e+35 
2.411011010570000e+11 3.799364152400000e+29 1.007487639671850e+00 1.479108000000000e+35 
2.467273200840001e+11 3.904208916000000e+29 1.007535742966028e+00 1.513561000000000e+35 
2.524844605990000e+11 4.012376642400000e+29 1.007584241203884e+00 1.548817000000000e+35 
2.583765158500000e+11 4.122957282000001e+29 1.007632692864050e+00 1.584893000000000e+35 
2.644058033470000e+11 4.236650996200001e+29 1.007681374246196e+00 1.621810000000000e+35 
2.705756389120001e+11 4.353616563020001e+29 1.007730316813330e+00 1.659587000000000e+35 
2.768900157930001e+11 4.473227041600000e+29 1.007779226796605e+00 1.698244000000000e+35 
2.833514297700001e+11 4.596349702800002e+29 1.007828426624273e+00 1.737801000000000e+35 
2.899634818970000e+11 4.722931513800001e+29 1.007877857488420e+00 1.778279000000000e+35 
2.967297910550001e+11 4.852839331780001e+29 1.007927432722440e+00 1.819701000000000e+35 
3.036547783400000e+11 4.985663474200000e+29 1.007976967035863e+00 1.862087000000000e+35 
3.107411891100001e+11 5.122039533800001e+29 1.008026667762944e+00 1.905461000000000e+35 
3.179924461490001e+11 5.262779825980000e+29 1.008076791715097e+00 1.949845000000000e+35 
3.254136301520000e+11 5.406493961580000e+29 1.008126809916313e+00 1.995262000000000e+35 
3.330076825740001e+11 5.554218724220000e+29 1.008177053324397e+00 2.041738000000000e+35 
3.407790958190001e+11 5.705964367980000e+29 1.008227489660626e+00 2.089296000000000e+35 
3.487321127130000e+11 5.861369917200002e+29 1.008277966690500e+00 2.137962000000000e+35 
3.568707265040001e+11 6.020944230600001e+29 1.008328617772136e+00 2.187762000000000e+35 
3.651993226340001e+11 6.184845925980000e+29 1.008379458183393e+00 2.238721000000000e+35 
3.737220726210001e+11 6.353094710400001e+29 1.008430459212411e+00 2.290868000000000e+35 
3.824443245650001e+11 6.525305414980000e+29 1.008481472876793e+00 2.344229000000000e+35 
3.913699290980001e+11 6.702276415980001e+29 1.008532703176993e+00 2.398833000000000e+35 
4.005037886450001e+11 6.883917829980001e+29 1.008584088599549e+00 2.454709000000000e+35 
4.098508234580001e+11 7.070402854800001e+29 1.008635643355065e+00 2.511886000000000e+35 
4.194158468270001e+11 7.261915262780001e+29 1.008687382945431e+00 2.570396000000000e+35 
4.292047060080001e+11 7.457967184020001e+29 1.008739143338747e+00 2.630268000000000e+35 
4.392219290590001e+11 7.659097598600000e+29 1.008791035706167e+00 2.691535000000000e+35 
4.494732919280001e+11 7.865214380020000e+29 1.008843003899745e+00 2.754229000000000e+35 
4.599634296350001e+11 8.077266992000000e+29 1.008895251738718e+00 2.818383000000000e+35 
4.706988668620000e+11 8.294233711600000e+29 1.008947493586672e+00 2.884032000000000e+35 
4.816848090930001e+11 8.517061439020001e+29 1.008999925165962e+00 2.951209000000000e+35 
4.929269074870001e+11 8.745837654380000e+29 1.009052531293239e+00 3.019952000000000e+35 
5.044321858820001e+11 8.979805638620001e+29 1.009105106584836e+00 3.090295000000000e+35 
5.162056180110001e+11 9.220060175000000e+29 1.009157865404693e+00 3.162278000000000e+35 
5.282540316150001e+11 9.466616163980001e+29 1.009210775606934e+00 3.235937000000000e+35 
5.405836304900001e+11 9.719481937000002e+29 1.009263804738358e+00 3.311311000000000e+35 
5.532012067230001e+11 9.978516180020001e+29 1.009316970398801e+00 3.548134000000000e+35 
5.928492212840000e+11 1.006694304000000e+30 1.009334276561465e+00 3.630781000000000e+35 
6.066853442750000e+11 1.017203742636000e+30 1.009353904036490e+00 3.715352000000000e+35 
6.208434407130001e+11 1.027750272202000e+30 1.009373167988261e+00 3.801894000000000e+35 
6.353313901320001e+11 1.038409356318000e+30 1.009392194284052e+00 3.890451000000000e+35 
6.501567333530001e+11 1.049140283082000e+30 1.009410914134251e+00 3.981072000000000e+35 
6.653290969560000e+11 1.059170215302000e+30 1.009428011539199e+00 4.073803000000000e+35 
6.808533120580000e+11 1.070195866756000e+30 1.009446378326562e+00 4.168694000000000e+35 
6.967407522850001e+11 1.080494648136000e+30 1.009463145238520e+00 4.265795000000000e+35 
7.129983701670000e+11 1.090926588358000e+30 1.009479740815514e+00 4.365158000000000e+35 
7.296347583180001e+11 1.101586826058000e+30 1.009496313588807e+00 4.466836000000000e+35 
7.466590441620001e+11 1.112349941020000e+30 1.009512665470193e+00 4.570882000000000e+35 
7.640799629290001e+11 1.123313443136000e+30 1.009528942492152e+00 4.677351000000000e+35 
7.819067668320001e+11 1.134487858860000e+30 1.009545154992379e+00 4.786300999999999e+35 
8.001491894130001e+11 1.145884483702000e+30 1.009561314644251e+00 4.897788000000000e+35 
8.188180338340000e+11 1.156632826380000e+30 1.009576207266890e+00 5.011872000000000e+35 
8.379206804730000e+11 1.168388664462000e+30 1.009592123673579e+00 5.128614000000000e+35 
8.574684494750000e+11 1.180504196444000e+30 1.009608154812880e+00 5.248075000000000e+35 
8.774719835590000e+11 1.192808131124000e+30 1.009624065979927e+00 5.370318000000000e+35 
8.979429772370000e+11 1.204390531056000e+30 1.009638702060630e+00 5.495409000000000e+35 
9.188897378910001e+11 1.217178682620000e+30 1.009654493648562e+00 5.623413000000000e+35 
9.403259744840001e+11 1.229389994118000e+30 1.009669229997090e+00 5.754399000000001e+35 
9.622606539970001e+11 1.242625656164000e+30 1.009684837824039e+00 5.888437000000000e+35 
9.847066475240001e+11 1.256200728258000e+30 1.009700483326926e+00 6.025596000000000e+35 
1.007677057910000e+12 1.269184620596000e+30 1.009715106003824e+00 6.165949999999998e+35 
1.031181369119000e+12 1.283411900244000e+30 1.009730764250694e+00 6.309573000000000e+35 
1.055235019333000e+12 1.296978945316000e+30 1.009745356083914e+00 6.456542000000000e+35 
1.079847920364000e+12 1.311798189798000e+30 1.009760930795492e+00 6.606933999999999e+35 
1.105034405120000e+12 1.326980028162000e+30 1.009776525333356e+00 6.760830000000000e+35 
1.130809715686000e+12 1.341484680674000e+30 1.009791084292086e+00 6.918309999999999e+35 
1.157184084760000e+12 1.357355657302000e+30 1.009806651914444e+00 7.079458000000001e+35 
1.184174715397000e+12 1.372609851018000e+30 1.009821274116908e+00 7.244359999999999e+35 
1.211793016877000e+12 1.389169276964000e+30 1.009836785972386e+00 7.413101999999999e+35 
1.240056227909000e+12 1.405214893392000e+30 1.009851474482758e+00 7.585775999999999e+35 
1.268977219587000e+12 1.422569539264000e+30 1.009866998833183e+00 7.762471000000000e+35 
1.298572000557000e+12 1.440344137778000e+30 1.009882538524001e+00 7.943282000000001e+35 
1.328858219549000e+12 1.457560802186000e+30 1.009897247105662e+00 8.128305000000001e+35 
1.359848890273000e+12 1.476170355186000e+30 1.009912783341955e+00 8.317638000000000e+35 
1.391562873695000e+12 1.494674723756000e+30 1.009927880795134e+00 8.511380000000001e+35 
1.424015572343000e+12 1.513783297968000e+30 1.009943115591499e+00 8.709636000000000e+35 
1.457224331888000e+12 1.533743713854000e+30 1.009958668078801e+00 8.912508999999999e+35 
1.491208458971000e+12 1.553267161734000e+30 1.009973533511400e+00 9.120108000000000e+35 
1.525983373947000e+12 1.574181559544000e+30 1.009989094780787e+00 9.332543000000000e+35 
1.561568793478000e+12 1.595685294580000e+30 1.010004731719918e+00 9.549926000000000e+35 
1.597985343403000e+12 1.616661457200000e+30 1.010019637257739e+00 9.772372000000000e+35 
1.635249050195000e+12 1.639157947400000e+30 1.010035258449192e+00 1.000000000000000e+36 
1.673381359735000e+12 1.662268080200000e+30 1.010050941132060e+00 1.023293000000000e+36 
1.712402452187000e+12 1.685971027000000e+30 1.010066660658755e+00 1.047129000000000e+36 
1.752335538305000e+12 1.709191711600000e+30 1.010081709249194e+00 1.071519000000000e+36 
1.793195824520000e+12 1.734021005000000e+30 1.010097433353109e+00 1.096478000000000e+36 
1.835009944370000e+12 1.759460736600000e+30 1.010113177928585e+00 1.122018000000000e+36 
1.877798131500000e+12 1.785589414200000e+30 1.010128980848386e+00 1.148154000000000e+36 
1.921585521980000e+12 1.812267646400000e+30 1.010144749393399e+00 1.174898000000000e+36 
1.966393864750000e+12 1.838692731000000e+30 1.010160012228884e+00 1.202264000000000e+36 
2.012243660860000e+12 1.866744048600000e+30 1.010175844966881e+00 1.230269000000000e+36 
2.059164503130000e+12 1.895598068400000e+30 1.010191760628242e+00 1.258925000000000e+36 
2.107176892610000e+12 1.925099377000000e+30 1.010207662976775e+00 1.288250000000000e+36 
2.156311135200000e+12 1.955332891000000e+30 1.010223588971675e+00 1.318257000000000e+36 
2.206588801570000e+12 1.986394742400000e+30 1.010239578869842e+00 1.348963000000000e+36 
2.258038593190000e+12 2.018182390400000e+30 1.010255569938924e+00 1.380384000000000e+36 
2.310687072290000e+12 2.050790364800000e+30 1.010271600280191e+00 1.412538000000000e+36 
2.364564901310000e+12 2.084178610600000e+30 1.010287640572670e+00 1.445440000000000e+36 
2.419696859780000e+12 2.118446464200000e+30 1.010303728657112e+00 1.479108000000000e+36 
2.476113075330000e+12 2.153627571800001e+30 1.010319869587897e+00 1.513561000000000e+36 
2.533845993100000e+12 2.189604972800000e+30 1.010336000122995e+00 1.548817000000000e+36 
2.592925205910000e+12 2.226558113600000e+30 1.010352190983603e+00 1.584893000000000e+36 
2.653379771770000e+12 2.264365227000000e+30 1.010368378967479e+00 1.621810000000000e+36 
2.715244453330000e+12 2.303135262600001e+30 1.010384601342161e+00 1.659587000000000e+36 
2.778551517460000e+12 2.342900264400000e+30 1.010400861282651e+00 1.698244000000000e+36 
2.843334122380000e+12 2.383697083000001e+30 1.010417163460921e+00 1.737801000000000e+36 
2.909626317660000e+12 2.425387929200000e+30 1.010433443636252e+00 1.778279000000000e+36 
2.977463044220000e+12 2.468261199000000e+30 1.010449804413612e+00 1.819701000000000e+36 
3.046882808380000e+12 2.512182307600000e+30 1.010466183592066e+00 1.862087000000000e+36 
3.117919481440000e+12 2.557184901200000e+30 1.010482584088576e+00 1.905461000000000e+36 
3.190613352420000e+12 2.603206494000001e+30 1.010498973757968e+00 1.949845000000000e+36 
3.264999005700000e+12 2.651605751600000e+30 1.010515818175562e+00 1.995262000000000e+36 
3.341119226080000e+12 2.700035451000000e+30 1.010532289965641e+00 2.041738000000000e+36 
3.419015728740000e+12 2.749637960800001e+30 1.010548776228048e+00 2.089296000000000e+36 
3.498726841730000e+12 2.800498197600000e+30 1.010565295720532e+00 2.137962000000000e+36 
3.580296597740000e+12 2.852606548200000e+30 1.010581835066860e+00 2.187762000000000e+36 
3.663766890220000e+12 2.906982011800000e+30 1.010598701390249e+00 2.238721000000000e+36 
3.749182286670000e+12 2.961801284800001e+30 1.010615318675248e+00 2.290868000000000e+36 
3.836590919990000e+12 3.017790163800000e+30 1.010631903906144e+00 2.344229000000000e+36 
3.926035931520000e+12 3.075177763400000e+30 1.010648516465328e+00 2.398833000000000e+36 
4.017565988970000e+12 3.133948061600000e+30 1.010665141725690e+00 2.454709000000000e+36 
4.111227799080001e+12 3.195342763400000e+30 1.010682114374101e+00 2.511886000000000e+36 
4.207074129770000e+12 3.256960171000000e+30 1.010698761178265e+00 2.570396000000000e+36 
4.305156501070000e+12 3.320080442200001e+30 1.010715425491988e+00 2.630268000000000e+36 
4.405523580690000e+12 3.384743632000000e+30 1.010732108260153e+00 2.691535000000000e+36 
4.508229027900001e+12 3.452189843200000e+30 1.010749113264606e+00 2.754229000000000e+36 
4.613330602180001e+12 3.519897213000000e+30 1.010765795820009e+00 2.818383000000000e+36 
4.720881071450000e+12 3.589347776400000e+30 1.010782518072656e+00 2.884032000000000e+36 
4.830940156160001e+12 3.660302805600000e+30 1.010799213420644e+00 2.951209000000000e+36 
4.943560267690000e+12 3.734266766400000e+30 1.010816220865083e+00 3.019952000000000e+36 
5.058810039990001e+12 3.808599233200000e+30 1.010832924268448e+00 3.090295000000000e+36 
5.176744023680000e+12 3.884788649800000e+30 1.010849654864633e+00 3.162278000000000e+36 
5.297428891740001e+12 3.963105788000001e+30 1.010866461160715e+00 3.235937000000000e+36 
5.420925255970000e+12 4.043674017200001e+30 1.010883357236639e+00 3.311311000000000e+36 
5.547300502430001e+12 4.125107434400001e+30 1.010900046087803e+00 3.388442000000000e+36 
5.676623443340000e+12 4.208591667600000e+30 1.010916765364503e+00 3.467369000000000e+36 
5.808958077630000e+12 4.295147318200001e+30 1.010933705418382e+00 3.548134000000000e+36 
5.944378565620001e+12 4.382489649000000e+30 1.010950410586067e+00 3.630781000000000e+36 
6.082956928390000e+12 4.471677714200000e+30 1.010967080232937e+00 3.715352000000000e+36 
6.224763760860000e+12 4.563036760400001e+30 1.010983766957930e+00 3.801894000000000e+36 
6.369877858370000e+12 4.656334468600001e+30 1.011000419684654e+00 3.890451000000000e+36 
6.518371063730001e+12 4.753110553000001e+30 1.011017300275354e+00 3.981072000000001e+36 
6.670329837890001e+12 4.850657295600000e+30 1.011033928210124e+00 4.073802999999999e+36 
6.825829232520001e+12 4.950495184200000e+30 1.011050559547277e+00 4.092607000000000e+36 
6.857362164930001e+12 4.970365668600000e+30 1.011053824206483e+00 4.111497000000000e+36 
6.889039674310000e+12 4.990181678200000e+30 1.011057064897129e+00 4.130475000000000e+36 
6.920862295470001e+12 5.011881875000000e+30 1.011060597468215e+00 4.149540000000000e+36 
6.952833059000001e+12 5.032146500600001e+30 1.011063881243430e+00 4.168694000000000e+36 
6.984953391060001e+12 5.052468805400001e+30 1.011067159187629e+00 4.187936000000000e+36 
7.017221330680001e+12 5.072850391600001e+30 1.011070431544997e+00 4.207266000000000e+36 
7.049634738620001e+12 5.094709206200001e+30 1.011073924999552e+00 4.226686000000000e+36 
7.082201458760001e+12 5.115215764000001e+30 1.011077187324278e+00 4.246196000000000e+36 
7.114919351860001e+12 5.135781603200002e+30 1.011080443996903e+00 4.265795000000000e+36 
7.147786278680000e+12 5.156626225200001e+30 1.011083729612730e+00 4.285485000000000e+36 
7.180803843650000e+12 5.178759016000000e+30 1.011087202292084e+00 4.305266000000000e+36 
7.213976325250001e+12 5.199733416200001e+30 1.011090478134881e+00 4.325138000000001e+36 
7.247301584240001e+12 5.220767097800001e+30 1.011093748105669e+00 4.345102000000000e+36 
7.280781046780002e+12 5.241863265200001e+30 1.011097012678093e+00 4.365158000000000e+36 
7.314412751900001e+12 5.264499146800000e+30 1.011100499465815e+00 4.385307000000000e+36 
7.348202760780002e+12 5.285838848600001e+30 1.011103771533759e+00 4.405549000000000e+36 
7.382148934180001e+12 5.307239434000000e+30 1.011107037819654e+00 4.425883999999999e+36 
7.416251093830001e+12 5.328702505200000e+30 1.011110298591084e+00 4.446313000000000e+36 
7.450511200700001e+12 5.350228062200001e+30 1.011113553782795e+00 4.466836000000000e+36 
7.484926402470002e+12 5.373450349000001e+30 1.011117049473369e+00 4.487454000000001e+36 
7.519503473400000e+12 5.395225849200001e+30 1.011120312364074e+00 4.508167000000000e+36 
7.554240095980002e+12 5.417063835200002e+30 1.011123569539247e+00 4.528976000000000e+36 
7.589137874640002e+12 5.438964307000001e+30 1.011126820981862e+00 4.549881000000001e+36 
7.624194313600001e+12 5.462479796400001e+30 1.011130296199495e+00 4.570882000000000e+36 
7.659414047880001e+12 5.484635018000000e+30 1.011133555392172e+00 4.591980000000000e+36 
7.694796899210001e+12 5.506854327600000e+30 1.011136808950792e+00 4.613176000000000e+36 
7.730343937210002e+12 5.529259492400002e+30 1.011140074649934e+00 4.634469000000000e+36 
7.766053735720001e+12 5.551728745200001e+30 1.011143334608760e+00 4.655861000000000e+36 
7.801927720900001e+12 5.575614342800000e+30 1.011146784173657e+00 4.677351000000000e+36 
7.837968210260001e+12 5.598283870600001e+30 1.011150043107414e+00 4.698941000000000e+36 
7.874176451690001e+12 5.621081574400001e+30 1.011153305375244e+00 4.720630000000000e+36 
7.910551019030000e+12 5.643884084800000e+30 1.011156553313171e+00 4.742420000000000e+36 
7.947093516710000e+12 5.667758467000001e+30 1.011159938311028e+00 4.764310000000000e+36 
7.983804479540002e+12 5.691325226800000e+30 1.011163264381568e+00 4.786300999999999e+36 
8.020685868490000e+12 5.714460994800001e+30 1.011166514610716e+00 4.808393000000000e+36 
8.057736613940001e+12 5.737728143200000e+30 1.011169768265047e+00 4.830588000000000e+36 
8.094960281290001e+12 5.761062584000001e+30 1.011173016297615e+00 4.852885000000001e+36 
8.132352770330002e+12 5.786010440200001e+30 1.011176472997036e+00 4.875285000000000e+36 
8.169920677050000e+12 5.809490681200001e+30 1.011179711438775e+00 4.897788000000000e+36 
8.207661327400001e+12 5.833167992800002e+30 1.011182962015337e+00 4.920395000000000e+36 
8.245576504080002e+12 5.856914199000001e+30 1.011186207035622e+00 4.943107000000000e+36 
8.283665494010002e+12 5.882243378800001e+30 1.011189652512235e+00 4.965923000000000e+36 
8.321931327780001e+12 5.906202677600001e+30 1.011192896710756e+00 4.988845000000001e+36 
8.360375253280001e+12 5.930299765600001e+30 1.011196144537087e+00 5.011872000000000e+36 
8.398995309540001e+12 5.954467350400000e+30 1.011199386900531e+00 5.035006000000000e+36 
8.437794883690002e+12 5.978705432000001e+30 1.011202623739814e+00 5.058246999999999e+36 
8.476771658220000e+12 6.004635436800001e+30 1.011206070656006e+00 5.081594000000000e+36 
8.515928841990000e+12 6.029093019800000e+30 1.011209306943445e+00 5.105050000000000e+36 
8.555268930780001e+12 6.053689994200001e+30 1.011212546679943e+00 5.128614000000000e+36 
8.594790141890000e+12 6.078427962200001e+30 1.011215790019504e+00 5.152286000000000e+36 
8.634492831860000e+12 6.103170736800000e+30 1.011219019046590e+00 5.176068000000000e+36 
8.674377535500002e+12 6.129581401600001e+30 1.011222449940364e+00 5.199960000000000e+36 
8.714449422640002e+12 6.154617378800001e+30 1.011225687349902e+00 5.223962000000000e+36 
8.754705819230002e+12 6.179795951800001e+30 1.011228928204277e+00 5.248075000000000e+36 
8.795148507970002e+12 6.204980933600000e+30 1.011232154987387e+00 5.272299000000000e+36 
8.835777488860000e+12 6.230380610200001e+30 1.011235394289093e+00 5.296634000000000e+36 
8.876590622660000e+12 6.257283150400001e+30 1.011238809532149e+00 5.321083000000000e+36 
8.917597179410000e+12 6.282841444800000e+30 1.011242039251059e+00 5.345644000000000e+36 
8.958791811010002e+12 6.308548743800001e+30 1.011245272838179e+00 5.370317999999999e+36 
9.000176121890000e+12 6.334332948400001e+30 1.011248501197403e+00 5.395106000000000e+36 
9.041751716480002e+12 6.360266157600000e+30 1.011251733259548e+00 5.420009000000000e+36 
9.083518059970002e+12 6.387742285400001e+30 1.011255141919032e+00 5.445027000000000e+36 
9.125479609110002e+12 6.413911018000002e+30 1.011258373503494e+00 5.470159999999999e+36 
9.167634402930000e+12 6.440159860600001e+30 1.011261600052455e+00 5.495409000000000e+36 
9.209983689320002e+12 6.466560912200000e+30 1.011264830400446e+00 5.520773999999999e+36 
9.252527824820002e+12 6.493042073800000e+30 1.011268055630161e+00 5.546257000000000e+36 
9.295267522510002e+12 6.521107811199999e+30 1.011271458182077e+00 5.571857000000000e+36 
9.338206169520000e+12 6.547757203800000e+30 1.011274674211228e+00 5.597575999999999e+36 
9.381344300660002e+12 6.574635711000001e+30 1.011277902951051e+00 5.623412999999999e+36 
9.424680489770002e+12 6.601595930400001e+30 1.011281126620126e+00 5.649370000000000e+36 
9.468217767440002e+12 6.629064047200001e+30 1.011284395912830e+00 5.675445999999999e+36 
9.511953281350002e+12 6.657310833200001e+30 1.011287742470876e+00 5.701643000000000e+36 
9.555893805760002e+12 6.684602708000001e+30 1.011290961055422e+00 5.727960000000000e+36 
9.600035953540000e+12 6.711977897200000e+30 1.011294174606642e+00 5.754399000000000e+36 
9.644382577010000e+12 6.739514908600001e+30 1.011297392301846e+00 5.780960000000000e+36 
9.688934210980000e+12 6.767135234400001e+30 1.011300604868300e+00 5.807643999999999e+36 
9.733689607560002e+12 6.796506764800001e+30 1.011304005464457e+00 5.834451000000000e+36 
9.778654114850002e+12 6.824228029200001e+30 1.011307200277736e+00 5.861381999999999e+36 
9.823826484960002e+12 6.852425147000001e+30 1.011310434965131e+00 5.888436999999999e+36 
9.869207074430002e+12 6.880554972400001e+30 1.011313647114755e+00 5.915616000000001e+36 
9.914796061530000e+12 6.908769714400002e+30 1.011316854152908e+00 5.942922000000000e+36 
9.960598081280002e+12 6.937151085200000e+30 1.011320065273305e+00 5.970353000000000e+36 
1.000660725077000e+13 6.967261229800001e+30 1.011323456376612e+00 5.997910999999999e+36 
1.005283230523000e+13 6.995830058000002e+30 1.011326659141473e+00 6.025596000000001e+36 
1.009927039234000e+13 7.024647227200000e+30 1.011329874869792e+00 6.053409000000000e+36 
1.014592347307000e+13 7.053474009600001e+30 1.011333076892487e+00 6.081350000000000e+36 
1.019279119088000e+13 7.082473829600002e+30 1.011336283299987e+00 6.109419999999999e+36 
1.023987318923000e+13 7.113165572800000e+30 1.011339661221418e+00 6.137620000000000e+36 
1.028717570757000e+13 7.142437766800000e+30 1.011342868138145e+00 6.165950000000000e+36 
1.033469642839000e+13 7.171884600600001e+30 1.011346079334599e+00 6.194411000000000e+36 
1.038243713439000e+13 7.201341047600002e+30 1.011349276820206e+00 6.223003000000000e+36 
1.043039782557000e+13 7.230975338800002e+30 1.011352478795022e+00 6.251727000000000e+36 
1.047857743231000e+13 7.262349619200001e+30 1.011355853235171e+00 6.280583999999999e+36 
1.052698272887000e+13 7.292264295400002e+30 1.011359055940126e+00 6.309572999999999e+36 
1.057560979331000e+13 7.322275103600000e+30 1.011362254140793e+00 6.338696999999999e+36 
1.062446326065000e+13 7.352466960400001e+30 1.011365456850670e+00 6.367955000000000e+36 
1.067354170473000e+13 7.382843070200000e+30 1.011368664304203e+00 6.397347999999999e+36 
1.072284690825000e+13 7.413228793200002e+30 1.011371858000612e+00 6.426877000000000e+36 
1.077237780159000e+13 7.445325665800001e+30 1.011375216076009e+00 6.456542000000000e+36 
1.082213955458000e+13 7.476089508000001e+30 1.011378419930182e+00 6.486343999999999e+36 
1.087213109760000e+13 7.506954288800001e+30 1.011381619498827e+00 6.516284000000000e+36 
1.092235439162000e+13 7.537920008200001e+30 1.011384814780505e+00 6.546362000000000e+36 
1.097280925837000e+13 7.569073185000000e+30 1.011388014635973e+00 6.576577999999999e+36 
1.102349569785000e+13 7.600293654200001e+30 1.011391206639150e+00 6.606933999999999e+36 
1.107441513622000e+13 7.633263725800001e+30 1.011394562063946e+00 6.637431000000000e+36 
1.112557327812000e+13 7.664911982400001e+30 1.011397768200548e+00 6.668068000000000e+36 
1.117696655815000e+13 7.696576261000000e+30 1.011400961193783e+00 6.698845999999999e+36 
1.122859658074000e+13 7.728344682600001e+30 1.011404149966498e+00 6.729767000000000e+36 
1.128046673302000e+13 7.760308572600000e+30 1.011407343585446e+00 6.760830000000000e+36 
1.133257237997000e+13 7.794087755200002e+30 1.011410703105398e+00 6.792036000000000e+36 
1.138492100893000e+13 7.826272748800001e+30 1.011413889397570e+00 6.823387000000000e+36 
1.143751279817000e+13 7.858750945000000e+30 1.011417089910619e+00 6.854881999999999e+36 
1.149034632153000e+13 7.891339693000002e+30 1.011420286566151e+00 6.886523000000001e+36 
1.154342496614000e+13 7.924035788400000e+30 1.011423479015665e+00 6.918310000000000e+36 
1.159674873200000e+13 7.956844037800001e+30 1.011426667697275e+00 6.950243000000000e+36 
1.165031761911000e+13 7.989762839000001e+30 1.011429852390803e+00 6.982324000000000e+36 
1.170413234055000e+13 8.024565827400001e+30 1.011433203928846e+00 7.014553000000000e+36 
1.175819788788000e+13 8.057907609400001e+30 1.011436400033033e+00 7.046931000000000e+36 
1.181251372629000e+13 8.091363147600001e+30 1.011439592277486e+00 7.079458000000001e+36 
1.186707985578000e+13 8.124934044200001e+30 1.011442780811334e+00 7.112135000000000e+36 
1.192189770251000e+13 8.158620299200000e+30 1.011445965568633e+00 7.144962999999999e+36 
1.197696619686000e+13 8.194243614000001e+30 1.011449318017537e+00 7.177943000000000e+36 
1.203229282617000e+13 8.228271137600001e+30 1.011452505607773e+00 7.211075000000000e+36 
1.208787438158000e+13 8.262513356000002e+30 1.011455698540451e+00 7.244360000000000e+36 
1.214371282406000e+13 8.296875739400001e+30 1.011458887956030e+00 7.277798000000001e+36 
1.219980797534000e+13 8.331459226400002e+30 1.011462083147185e+00 7.311391000000000e+36 
1.225616357909000e+13 8.366063542000001e+30 1.011465265571521e+00 7.345139000000000e+36 
1.231277927877000e+13 8.400989899800002e+30 1.011468462823303e+00 7.379042000000000e+36 
1.236965240033000e+13 8.437728345800001e+30 1.011471810540691e+00 7.413102000000001e+36 
1.242679185727000e+13 8.472914260000001e+30 1.011475002085657e+00 7.447320000000000e+36 
1.248419675824000e+13 8.508225145800002e+30 1.011478190220556e+00 7.481694999999999e+36 
1.254186514227000e+13 8.543662605400000e+30 1.011481375079027e+00 7.516229000000000e+36 
1.259980021822000e+13 8.579433322600000e+30 1.011484575117427e+00 7.550921999999999e+36 
1.265800216436000e+13 8.615333818000001e+30 1.011487771987061e+00 7.585775999999998e+36 
1.271647222858000e+13 8.652897397000000e+30 1.011491101609214e+00 7.620789999999999e+36 
1.277521326320000e+13 8.689068664200000e+30 1.011494293110882e+00 7.655966000000000e+36 
1.283422615957000e+13 8.725477057000001e+30 1.011497490748964e+00 7.691304000000000e+36 
1.289351109596000e+13 8.762020034600002e+30 1.011500685461026e+00 7.726806000000000e+36 
1.295307128123000e+13 8.798804944400001e+30 1.011503886549681e+00 7.762471000000000e+36 
1.301290528922000e+13 8.835618693800001e+30 1.011507075400758e+00 7.798300999999999e+36 
1.307301365474000e+13 8.874366298600000e+30 1.011510416370867e+00 7.834295999999999e+36 
1.313340154762000e+13 8.911572587000000e+30 1.011513609731340e+00 7.870458000000001e+36 
1.319406985921000e+13 8.949027216400002e+30 1.011516809608296e+00 7.906786000000001e+36 
1.325501680681000e+13 8.986622839400000e+30 1.011520006773185e+00 7.943281999999998e+36 
1.331624577755000e+13 9.024471610000001e+30 1.011523210677385e+00 7.979947000000000e+36 
1.337775837586000e+13 9.062464578600001e+30 1.011526412012871e+00 8.016781000000000e+36 
1.343955495828000e+13 9.100603347400000e+30 1.011529610841874e+00 8.053784000000000e+36 
1.350163267249000e+13 9.140530171400000e+30 1.011532944278570e+00 8.090958999999999e+36 
1.356400150161000e+13 9.179196064000000e+30 1.011536157639983e+00 8.128305000000000e+36 
1.362665770197000e+13 9.217788255400002e+30 1.011539350114257e+00 8.165824000000000e+36 
1.368960412589000e+13 9.256755361600001e+30 1.011542558788317e+00 8.203514999999999e+36 
1.375283934721000e+13 9.295876279000002e+30 1.011545765330437e+00 8.241381000000000e+36 
1.381636853576000e+13 9.335152609800001e+30 1.011548969791649e+00 8.279421999999999e+36 
1.388018866095000e+13 9.376390033400001e+30 1.011552318822586e+00 8.317638000000000e+36 
1.394430524915000e+13 9.416103764800000e+30 1.011555529318962e+00 8.356030000000000e+36 
1.400871740901000e+13 9.455974511800000e+30 1.011558737673102e+00 8.394600000000000e+36 
1.407342852766000e+13 9.496007081000002e+30 1.011561944246083e+00 8.433348000000000e+36 
1.413843842683000e+13 9.536318433000000e+30 1.011565158311797e+00 8.472274000000000e+36 
1.420374710652000e+13 9.576910170000001e+30 1.011568379864564e+00 8.511380000000000e+36 
1.426935795386000e+13 9.617670138000002e+30 1.011571599883088e+00 8.550667000000001e+36 
1.433527007750000e+13 9.660234183200001e+30 1.011574946997136e+00 8.590135000000001e+36 
1.440148864727000e+13 9.701457187000002e+30 1.011578173788248e+00 8.629785000000000e+36 
1.446801295009000e+13 9.742734665600000e+30 1.011581389973487e+00 8.669619000000000e+36 
1.453484619482000e+13 9.784303744600003e+30 1.011584613993916e+00 8.709636000000000e+36 
1.460198659876000e+13 9.826167628400001e+30 1.011587845964039e+00 8.749837999999998e+36 
1.466943772731000e+13 9.868089191400002e+30 1.011591067499368e+00 8.790225000000001e+36 
1.473719744123000e+13 9.911512015800001e+30 1.011594389077424e+00 8.830799000000000e+36 
1.480527215824000e+13 9.954531085800001e+30 1.011597664679903e+00 8.871560000000000e+36 
1.487366187834000e+13 9.997123970600000e+30 1.011600892920222e+00 8.912509000000000e+36 
1.494236713634000e+13 1.004002447780000e+31 1.011604129527562e+00 8.953648000000000e+36 
1.501139131937000e+13 1.008311244240000e+31 1.011607365341458e+00 8.994975999999999e+36 
1.508073282300000e+13 1.012651443820000e+31 1.011610609764406e+00 9.036495000000000e+36 
1.515039539090000e+13 1.016998212420000e+31 1.011613844143640e+00 9.078205000000000e+36 
1.522037563594000e+13 1.021551664820000e+31 1.011617216768822e+00 9.120107999999999e+36 
1.529068247162000e+13 1.025963162300000e+31 1.011620469265961e+00 9.162205000000000e+36 
1.536131518486000e+13 1.030394687280000e+31 1.011623721493971e+00 9.204495999999998e+36 
1.543227377566000e+13 1.034846079540000e+31 1.011626973292401e+00 9.246982000000000e+36 
1.550355984845000e+13 1.039317659520000e+31 1.011630224826016e+00 9.289663999999998e+36 
1.557517447285000e+13 1.043835382860000e+31 1.011633494819289e+00 9.332543000000000e+36 
1.564712014464000e+13 1.048374095020000e+31 1.011636764894542e+00 9.375620000000000e+36 
1.571939597247000e+13 1.053075911140000e+31 1.011640136939318e+00 9.418895999999999e+36 
1.579200837406000e+13 1.057657562260000e+31 1.011643407726923e+00 9.462372000000001e+36 
1.586495645806000e+13 1.062260682860000e+31 1.011646678723247e+00 9.506048000000000e+36 
1.593824058101000e+13 1.066885433160000e+31 1.011649949986522e+00 9.549926000000000e+36 
1.601186341696000e+13 1.071558569900000e+31 1.011653240291496e+00 9.594006000000000e+36 
1.608582603553000e+13 1.076227540920000e+31 1.011656512536176e+00 9.638290000000001e+36 
1.616012808018000e+13 1.081118737080000e+31 1.011659924797422e+00 9.682779000000001e+36 
1.623477703825000e+13 1.085860608200000e+31 1.011663217712155e+00 9.727471999999999e+36 
1.630976880953000e+13 1.090625390780000e+31 1.011666511311399e+00 9.772372000000001e+36 
1.638510802904000e+13 1.095413565480000e+31 1.011669805873104e+00 9.817479000000000e+36 
1.646079487505000e+13 1.100225292520000e+31 1.011673101426795e+00 9.862795000000000e+36 
1.653683255642000e+13 1.105074511040000e+31 1.011676407398509e+00 9.908319000000000e+36 
1.661321964699000e+13 1.109947922780000e+31 1.011679714575377e+00 9.954054000000000e+36 
1.668995810773000e+13 1.115038753060000e+31 1.011683153448902e+00 1.000000000000000e+37 
1.676705382155000e+13 1.119962313660000e+31 1.011686464073660e+00 1.004616000000000e+37 
1.684450874942000e+13 1.124924807720000e+31 1.011689785518785e+00 1.009253000000000e+37 
1.692231629535000e+13 1.129926715900000e+31 1.011693117965438e+00 1.013911000000000e+37 
1.700047663761000e+13 1.134940480360000e+31 1.011696442964640e+00 1.018591000000000e+37 
1.707900617704000e+13 1.139994139600000e+31 1.011699778998247e+00 1.023293000000000e+37 
1.715790241786000e+13 1.145258808580000e+31 1.011703238381386e+00 1.028016000000000e+37 
1.723715430733000e+13 1.150366622180000e+31 1.011706579296542e+00 1.032761000000000e+37 
1.731677539397000e+13 1.155515612320000e+31 1.011709931647829e+00 1.037528000000000e+37 
1.739676585605000e+13 1.160692160300000e+31 1.011713286456088e+00 1.042317000000000e+37 
1.747712587184000e+13 1.165911006360000e+31 1.011716653115484e+00 1.047129000000000e+37 
1.755786916813000e+13 1.171332370500000e+31 1.011720134374063e+00 1.051962000000000e+37 
1.763896829134000e+13 1.176593995300000e+31 1.011723497551777e+00 1.056818000000000e+37 
1.772045319083000e+13 1.181913779960000e+31 1.011726882259722e+00 1.061696000000000e+37 
1.780230782230000e+13 1.187248144640000e+31 1.011730260651241e+00 1.066596000000000e+37 
1.788453129440000e+13 1.192626890260000e+31 1.011733651498063e+00 1.071519000000000e+37 
1.796714161240000e+13 1.198035757240000e+31 1.011737045648633e+00 1.076465000000000e+37 
1.805013521090000e+13 1.203654191980000e+31 1.011740555127790e+00 1.081434000000000e+37 
1.813351922070000e+13 1.209140124780000e+31 1.011743966118065e+00 1.086426000000000e+37 
1.821728651100000e+13 1.214657140260000e+31 1.011747380651058e+00 1.091440000000000e+37 
1.830142638560000e+13 1.220220939980000e+31 1.011750808320176e+00 1.096478000000000e+37 
1.838596736770000e+13 1.225801723020000e+31 1.011754230657864e+00 1.101539000000000e+37 
1.847089519570000e+13 1.231415030720000e+31 1.011757657097998e+00 1.106624000000000e+37 
1.855622234850000e+13 1.237276038540000e+31 1.011761218323378e+00 1.111732000000000e+37 
1.864193991260000e+13 1.242971699320000e+31 1.011764663205184e+00 1.116863000000000e+37 
1.872804253990000e+13 1.248701166520000e+31 1.011768112586004e+00 1.122018000000000e+37 
1.881454805740000e+13 1.254496003480000e+31 1.011771585297659e+00 1.127197000000000e+37 
1.890145824780000e+13 1.260294365280000e+31 1.011775044136774e+00 1.132400000000000e+37 
1.898876776300000e+13 1.266332095760000e+31 1.011778629231636e+00 1.137627000000000e+37 
1.907648373380000e+13 1.272241490020000e+31 1.011782122024840e+00 1.142878000000000e+37 
1.916460259480000e+13 1.278179083000000e+31 1.011785615341572e+00 1.148154000000000e+37 
1.925314039030000e+13 1.284153526580000e+31 1.011789114184970e+00 1.153453000000000e+37 
1.934206503170000e+13 1.290181002980000e+31 1.011792627847879e+00 1.158777000000000e+37 
1.943140682490000e+13 1.296423334400000e+31 1.011796250062693e+00 1.164126000000000e+37 
1.952117111800000e+13 1.302527556180000e+31 1.011799775881272e+00 1.169499000000000e+37 
1.961133830130000e+13 1.308678882640000e+31 1.011803312563186e+00 1.174898000000000e+37 
1.970194224610000e+13 1.314869463000000e+31 1.011806855440180e+00 1.180321000000000e+37 
1.979294551570000e+13 1.321288036420000e+31 1.011810511939333e+00 1.185769000000000e+37 
1.988437306790000e+13 1.327567843298000e+31 1.011814072970088e+00 1.191242000000000e+37 
1.997621955460000e+13 1.333896869760000e+31 1.011817645401445e+00 1.196741000000000e+37 
2.006850280280000e+13 1.340275708620000e+31 1.011821229406786e+00 1.202264000000000e+37 
2.016119072390000e+13 1.346696701362000e+31 1.011824820503407e+00 1.207814000000000e+37 
2.025432788540000e+13 1.353336218162000e+31 1.011828516771666e+00 1.213389000000000e+37 
2.034788754680000e+13 1.359860841200000e+31 1.011832132407589e+00 1.218990000000000e+37 
2.044188396970000e+13 1.366421049100000e+31 1.011835751040680e+00 1.224616000000000e+37 
2.053630110980000e+13 1.373042941700000e+31 1.011839386904714e+00 1.230269000000000e+37 
2.063116927300000e+13 1.379820728360000e+31 1.011843091273975e+00 1.235947000000000e+37 
2.072645815340000e+13 1.386593868640000e+31 1.011846776112705e+00 1.241652000000000e+37 
2.082220162230000e+13 1.393362682980000e+31 1.011850441674084e+00 1.247384000000000e+37 
2.091839789700000e+13 1.400178602000000e+31 1.011854115758695e+00 1.253141000000000e+37 
2.101501132350000e+13 1.407232944402000e+31 1.011857900912737e+00 1.258925000000000e+37 
2.111208290390000e+13 1.414146100940000e+31 1.011861593286866e+00 1.264736000000000e+37 
2.120960550740000e+13 1.421125925020000e+31 1.011865304120406e+00 1.270574000000000e+37 
2.130758269940000e+13 1.428155897960000e+31 1.011869024425135e+00 1.276439000000000e+37 
2.140601091450000e+13 1.435429885960000e+31 1.011872856195826e+00 1.282331000000000e+37 
2.150489550080000e+13 1.442571516218000e+31 1.011876600977240e+00 1.288250000000000e+37 
2.160423289290000e+13 1.449765250020000e+31 1.011880355727310e+00 1.294196000000000e+37 
2.170402487350000e+13 1.457029624820000e+31 1.011884129909862e+00 1.300170000000000e+37 
2.180428392150000e+13 1.464526494862000e+31 1.011888007009472e+00 1.306171000000000e+37 
2.190499934070000e+13 1.471891311580000e+31 1.011891798332307e+00 1.312200000000000e+37 
2.200618361000000e+13 1.479328884200000e+31 1.011895609499122e+00 1.318257000000000e+37 
2.210784029480000e+13 1.486822838238000e+31 1.011899431896208e+00 1.324342000000000e+37 
2.220996226430000e+13 1.494564364220000e+31 1.011903362445815e+00 1.330454000000000e+37 
2.231254238770000e+13 1.502182825220000e+31 1.011907212759422e+00 1.336596000000000e+37 
2.241562701520000e+13 1.509868899060000e+31 1.011911079378239e+00 1.342765000000000e+37 
2.251916444850000e+13 1.517614558718000e+31 1.011914958051622e+00 1.348963000000000e+37 
2.262318499350000e+13 1.525605066580000e+31 1.011918940966551e+00 1.355189000000000e+37 
2.272767973670000e+13 1.533491575640000e+31 1.011922854000397e+00 1.361445000000000e+37 
2.283267898400000e+13 1.541430941278000e+31 1.011926775126566e+00 1.367729000000000e+37 
2.293814351600000e+13 1.549619961720000e+31 1.011930800985168e+00 1.374042000000000e+37 
2.304410007320000e+13 1.557705784460000e+31 1.011934757864266e+00 1.380384000000000e+37 
2.315054330750000e+13 1.565856496300000e+31 1.011938728139216e+00 1.386756000000000e+37 
2.325748748050000e+13 1.574252665180000e+31 1.011942799202965e+00 1.393157000000000e+37 
2.336492189600000e+13 1.582546469502000e+31 1.011946802171309e+00 1.399587000000000e+37 
2.347284298860000e+13 1.590917467820000e+31 1.011950823802877e+00 1.406048000000000e+37 
2.358128284690000e+13 1.599529453040000e+31 1.011954942216368e+00 1.412538000000000e+37 
2.369021294770000e+13 1.608049632200000e+31 1.011958998020227e+00 1.419058000000000e+37 
2.379964576990000e+13 1.616640628600000e+31 1.011963068714191e+00 1.425608000000000e+37 
2.390958131350000e+13 1.625478363800000e+31 1.011967237095061e+00 1.432188000000000e+37 
2.402002136120000e+13 1.634234386800000e+31 1.011971347978118e+00 1.438799000000000e+37 
2.413098374000000e+13 1.643056100000000e+31 1.011975470641930e+00 1.445440000000000e+37 
2.424244705750000e+13 1.652137369600000e+31 1.011979695120229e+00 1.452112000000000e+37 
2.435443448880000e+13 1.661120905000000e+31 1.011983854948759e+00 1.458814000000000e+37 
2.446692464150000e+13 1.670190959200000e+31 1.011988035512333e+00 1.465548000000000e+37 
2.457995138690000e+13 1.679517365400000e+31 1.011992314499680e+00 1.472313000000000e+37 
2.469350046340000e+13 1.688747639600000e+31 1.011996529921621e+00 1.479108000000000e+37 
2.480755047860000e+13 1.698247083400000e+31 1.012000848339206e+00 1.485936000000000e+37 
2.492215847890000e+13 1.707661610600000e+31 1.012005108506603e+00 1.492794000000000e+37 
2.503727098330000e+13 1.717159452200000e+31 1.012009386597140e+00 1.499685000000000e+37 
2.515293434200000e+13 1.726921656800000e+31 1.012013763576772e+00 1.506607000000000e+37 
2.526912181450000e+13 1.736592536000001e+31 1.012018079686093e+00 1.513561000000000e+37 
2.538584409700000e+13 1.746540595800000e+31 1.012022499101787e+00 1.520548000000000e+37 
2.550312258190000e+13 1.756406943400000e+31 1.012026862093593e+00 1.527566000000000e+37 
2.562092339790000e+13 1.766363014200000e+31 1.012031244502658e+00 1.534617000000000e+37 
2.573927506820000e+13 1.776594663400000e+31 1.012035727536168e+00 1.541700000000000e+37 
2.585816689660000e+13 1.786757418000000e+31 1.012040159926904e+00 1.548817000000000e+37 
2.597762740630000e+13 1.797176524600000e+31 1.012044683243642e+00 1.555966000000000e+37 
2.609762807410000e+13 1.807529941000000e+31 1.012049157401427e+00 1.563148000000000e+37 
2.621818494430000e+13 1.817990704800000e+31 1.012053657151272e+00 1.570363000000000e+37 
2.633929088610000e+13 1.828714229400000e+31 1.012058248749969e+00 1.577611000000000e+37 
2.646095659570000e+13 1.839373666000000e+31 1.012062791936169e+00 1.584893000000000e+37 
2.658318920390000e+13 1.850323100800001e+31 1.012067437282821e+00 1.592209000000000e+37 
2.670599762420000e+13 1.861197232200000e+31 1.012072029484702e+00 1.599558000000000e+37 
2.682935511610000e+13 1.872356555200000e+31 1.012076720470515e+00 1.606941000000000e+37 
2.695328842010000e+13 1.883453392400000e+31 1.012081363758183e+00 1.614359000000000e+37 
2.707780644970000e+13 1.894838625600000e+31 1.012086105830816e+00 1.621810000000000e+37 
2.720288246440000e+13 1.906164577400000e+31 1.012090801538359e+00 1.629296000000000e+37 
2.732854320470000e+13 1.917770914200000e+31 1.012095591383406e+00 1.636817000000000e+37 
2.745479580140000e+13 1.929333991600000e+31 1.012100341449317e+00 1.644372000000000e+37 
2.758161707940000e+13 1.941180658400000e+31 1.012105185652156e+00 1.651962000000000e+37 
2.770902843110000e+13 1.952984065800000e+31 1.012109989990238e+00 1.659587000000000e+37 
2.783702450840000e+13 1.965077471400000e+31 1.012114889749900e+00 1.667247000000000e+37 
2.796561244210000e+13 1.977132424200000e+31 1.012119751491025e+00 1.674943000000000e+37 
2.809480292840000e+13 1.989467762000000e+31 1.012124703452406e+00 1.682674000000000e+37 
2.822458348840000e+13 2.001779066800000e+31 1.012129623057476e+00 1.690441000000000e+37 
2.835496660100000e+13 2.014377165400000e+31 1.012134634124109e+00 1.698244000000000e+37 
2.848595404890001e+13 2.027103440000000e+31 1.012139672939574e+00 1.706082000000000e+37 
2.861753335320000e+13 2.039810488200000e+31 1.012144681014909e+00 1.713957000000000e+37 
2.874973303710000e+13 2.052809136800000e+31 1.012149780477909e+00 1.721869000000000e+37 
2.888255488330000e+13 2.065791763400000e+31 1.012154850252555e+00 1.729816000000000e+37 
2.901596323780000e+13 2.079072399200000e+31 1.012160012574768e+00 1.737801000000000e+37 
2.915001336430000e+13 2.092316184400000e+31 1.012165136917544e+00 1.745822000000000e+37 
2.928466604340000e+13 2.105898033800001e+31 1.012170367908391e+00 1.753881000000000e+37 
2.941995692910000e+13 2.119600048200000e+31 1.012175620958051e+00 1.761976000000000e+37 
2.955585393280000e+13 2.133303664800000e+31 1.012180850470331e+00 1.770109000000000e+37 
2.969238914310000e+13 2.147308495000000e+31 1.012186170377291e+00 1.778279000000000e+37 
2.982954829840000e+13 2.161292496600000e+31 1.012191457962541e+00 1.786488000000000e+37 
2.996735992190000e+13 2.175633788800000e+31 1.012196855718307e+00 1.794734000000000e+37 
3.010579370770001e+13 2.190114472400001e+31 1.012202280919811e+00 1.803018000000000e+37 
3.024486926550000e+13 2.204617586800000e+31 1.012207689551744e+00 1.811340000000000e+37 
3.038458124720000e+13 2.219378655400000e+31 1.012213169077555e+00 1.819701000000000e+37 
3.052494747980000e+13 2.234344805600000e+31 1.012218699225084e+00 1.828100000000000e+37 
3.066595548440000e+13 2.249318966800000e+31 1.012224206902607e+00 1.836538000000000e+37 
3.080761595720000e+13 2.264613568000000e+31 1.012229806582941e+00 1.845015000000000e+37 
3.094993246360000e+13 2.280098831000000e+31 1.012235450032859e+00 1.853532000000000e+37 
3.109292283060000e+13 2.295731496400000e+31 1.012241121035227e+00 1.862087000000000e+37 
3.123655318690000e+13 2.311405819000000e+31 1.012246781011650e+00 1.870682000000000e+37 
3.138085383840000e+13 2.327398979400001e+31 1.012252529576515e+00 1.879317000000000e+37 
3.152582478510000e+13 2.343582801600000e+31 1.012258319964945e+00 1.887991000000000e+37 
3.167145711350000e+13 2.359801872200000e+31 1.012264096293437e+00 1.896706000000000e+37 
3.181777399870000e+13 2.376350996000000e+31 1.012269963077759e+00 1.905461000000000e+37 
3.196476474450000e+13 2.393097190400000e+31 1.012275872457417e+00 1.914256000000000e+37 
3.211242578550001e+13 2.410034046600000e+31 1.012281821657505e+00 1.923092000000000e+37 
3.226077851410000e+13 2.427172780000000e+31 1.012287814118971e+00 1.931968000000000e+37 
3.240980510330000e+13 2.444351568400000e+31 1.012293792978595e+00 1.940886000000000e+37 
3.255953585900000e+13 2.461886045200000e+31 1.012299867580841e+00 1.949845000000000e+37 
3.270995473690000e+13 2.479632012400000e+31 1.012305987213635e+00 1.958845000000000e+37 
3.286106351970000e+13 2.497583061200000e+31 1.012312149125496e+00 1.967886000000000e+37 
3.301286220740000e+13 2.515753611400000e+31 1.012318357738469e+00 1.976970000000000e+37 
3.316538645400000e+13 2.533965818800000e+31 1.012324551982981e+00 1.986095000000000e+37 
3.331859704010000e+13 2.552559349800000e+31 1.012330846853256e+00 1.995262000000000e+37 
3.347251357540000e+13 2.571370780000000e+31 1.012337186243901e+00 2.004472000000000e+37 
3.362715388690001e+13 2.590414529200000e+31 1.012343574439521e+00 2.013724000000000e+37 
3.378250014760000e+13 2.609669768800000e+31 1.012350003901124e+00 2.023019000000000e+37 
3.393856840180000e+13 2.629174951600000e+31 1.012356486896546e+00 2.032357000000000e+37 
3.409536043220001e+13 2.648899635800000e+31 1.012363012727392e+00 2.041738000000000e+37 
3.425287623880000e+13 2.668858241200000e+31 1.012369585617351e+00 2.051162000000000e+37 
3.441111760430000e+13 2.688932205000000e+31 1.012376166115015e+00 2.060630000000000e+37 
3.457009522490000e+13 2.709379481400000e+31 1.012382838184009e+00 2.070141000000000e+37 
3.472979662170000e+13 2.730073496600000e+31 1.012389559747301e+00 2.079697000000000e+37 
3.489025388330000e+13 2.751038283600000e+31 1.012396337972549e+00 2.089296000000000e+37 
3.505143670380000e+13 2.772245002800000e+31 1.012403162916271e+00 2.098940000000000e+37 
3.521337360640001e+13 2.793706471800001e+31 1.012410038110273e+00 2.108628000000000e+37 
3.537605211220001e+13 2.815438712600001e+31 1.012416968058575e+00 2.118361000000000e+37 
3.553948648280000e+13 2.837436918600000e+31 1.012423950587938e+00 2.128139000000000e+37 
3.570367850090001e+13 2.859712305200000e+31 1.012430988611645e+00 2.137962000000000e+37 
3.586862638380001e+13 2.882261668000000e+31 1.012438080465999e+00 2.147830000000000e+37 
3.603433191420001e+13 2.905073791600000e+31 1.012445221994932e+00 2.157744000000000e+37 
3.620080935370000e+13 2.928190333200000e+31 1.012452425573998e+00 2.167704000000000e+37 
3.636806226770001e+13 2.951590464200000e+31 1.012459684022369e+00 2.177710000000000e+37 
3.653608887350000e+13 2.975278991200000e+31 1.012466998165669e+00 2.187762000000000e+37 
3.670488917110001e+13 2.999260720800000e+31 1.012474368813594e+00 2.197860000000000e+37 
3.687446137780000e+13 3.023588525600000e+31 1.012481811498435e+00 3.000000000000000e+37 
5.037374855190000e+13 4.122016470160001e+31 1.012769181611643e+00 4.000000000000000e+37 
6.718647603880000e+13 7.389314996880001e+31 1.013385336922938e+00 5.000000000000000e+37 
8.401122427180002e+13 1.475643103210000e+32 1.014474936346400e+00 5.999999999999999e+37 
1.008576233963000e+14 2.714750536460000e+32 1.015979309835032e+00 7.000000000000000e+37 
1.177326312904000e+14 4.572398254780000e+32 1.017890449377050e+00 8.000000000000001e+37 
1.346424998830000e+14 7.149267304520001e+32 1.020189891627766e+00 8.999999999999999e+37 
1.515936611557000e+14 1.054910798646000e+33 1.022868068949608e+00 1.000000000000000e+38 
1.685924044741000e+14 1.487326682072000e+33 1.025916756620094e+00 1.100000000000000e+38 
1.856451012080000e+14 2.022471319580001e+33 1.029331147562815e+00 1.200000000000000e+38 
2.027572919890000e+14 2.669256067460000e+33 1.033099598984571e+00 1.300000000000000e+38 
2.199348543790000e+14 3.437037677580001e+33 1.037215791061755e+00 1.400000000000000e+38 
2.371833860560000e+14 4.326024435940001e+33 1.041629438430840e+00 1.500000000000000e+38 
2.545068267870000e+14 5.329470119220002e+33 1.046268004446743e+00 1.600000000000000e+38 
2.719097759380000e+14 6.466189522240000e+33 1.051183667991933e+00 1.700000000000000e+38 
2.893965119890001e+14 7.745830612740001e+33 1.056382174821907e+00 1.800000000000000e+38 
3.069718660570000e+14 9.176630621360002e+33 1.061862790144302e+00 1.900000000000000e+38 
3.246404196810001e+14 1.076517362878000e+34 1.067618894259426e+00 2.000000000000000e+38 
3.424068257080000e+14 1.251739642688000e+34 1.073642654623045e+00 2.100000000000000e+38 
3.602752556560000e+14 1.443783340188000e+34 1.079922795145272e+00 2.200000000000000e+38 
3.782500058320000e+14 1.653060076580000e+34 1.086448305919411e+00 2.300000000000000e+38 
3.963349803490001e+14 1.879882889700001e+34 1.093206707590003e+00 2.400000000000000e+38 
4.145338872230001e+14 2.124496852060000e+34 1.100185172725278e+00 2.500000000000000e+38 
4.328504344700000e+14 2.387102719320000e+34 1.107371231285709e+00 2.600000000000000e+38 
4.512878487770001e+14 2.667821457580000e+34 1.114751781965715e+00 2.700000000000000e+38 
4.698492498690001e+14 2.966725966940001e+34 1.122313989862229e+00 2.800000000000000e+38 
4.885375257200001e+14 3.283847330080001e+34 1.130045400325371e+00 2.899999999999999e+38 
5.073554929960001e+14 3.619187950300000e+34 1.137934195059000e+00 3.000000000000000e+38 
5.263055583420001e+14 3.972691109720000e+34 1.145968413499837e+00 3.100000000000000e+38 
5.453901105760001e+14 4.344287433080000e+34 1.154136992988438e+00 3.200000000000000e+38 
5.646111819760001e+14 4.733871335400001e+34 1.162429154151042e+00 3.300000000000000e+38 
5.839708761280001e+14 5.141327618500000e+34 1.170834914093591e+00 3.400000000000000e+38 
6.034709400780000e+14 5.566511283280001e+34 1.179344587059181e+00 3.499999999999999e+38 
6.231129960830001e+14 6.009265153920000e+34 1.187949093212244e+00 3.600000000000000e+38 
6.428985594380000e+14 6.469420839200001e+34 1.196639908369133e+00 3.699999999999999e+38 
6.628290384760000e+14 6.946800815360001e+34 1.205409040876006e+00 3.800000000000001e+38 
6.829056454330000e+14 7.441219707860000e+34 1.214248998036187e+00 3.900000000000000e+38 
7.031294677560001e+14 7.952482849400001e+34 1.223152709451143e+00 4.000000000000000e+38 
7.235014859300000e+14 8.480395893120000e+34 1.232113647478629e+00 4.100000000000000e+38 
7.440226982670000e+14 9.024762088860001e+34 1.241125727886995e+00 4.200000000000000e+38 
7.646938178470001e+14 9.585380520740000e+34 1.250183238924698e+00 4.300000000000000e+38 
7.855155934040001e+14 1.016205139442000e+35 1.259280889992933e+00 4.400000000000000e+38 
8.064886310560001e+14 1.075457731886000e+35 1.268413792359749e+00 4.500000000000000e+38 
8.276135012670001e+14 1.136276058258000e+35 1.277577382084556e+00 4.600000000000000e+38 
8.488906497120001e+14 1.198640571718000e+35 1.286767429236298e+00 4.700000000000000e+38 
8.703205042390000e+14 1.262531981778000e+35 1.295980013762015e+00 4.800000000000000e+38 
8.919033679070000e+14 1.327931686896000e+35 1.305211560701930e+00 4.900000000000000e+38 
9.136396150830001e+14 1.394820524760000e+35 1.314458638390309e+00 5.000000000000000e+38 
9.355293883830001e+14 1.463180871170000e+35 1.323718543181841e+00 5.100000000000000e+38 
9.575708872800001e+14 1.530220860582000e+35 1.332620041490275e+00 5.200000000000000e+38 
9.797566957420001e+14 1.596223425494000e+35 1.341213399125111e+00 5.300000000000000e+38 
1.002084389297000e+15 1.662912324820000e+35 1.349730562213142e+00 5.400000000000000e+38 
1.024552666574000e+15 1.730087443780000e+35 1.358149443610893e+00 5.500000000000000e+38 
1.047160119240000e+15 1.798090099040000e+35 1.366515601082688e+00 5.600000000000000e+38 
1.069906194658000e+15 1.867150366520000e+35 1.374858756148853e+00 5.699999999999999e+38 
1.092790643250000e+15 1.937353162820000e+35 1.383189817624882e+00 5.799999999999999e+38 
1.115813251092000e+15 2.008744791520000e+35 1.391514610856987e+00 5.900000000000000e+38 
1.138973982530000e+15 2.081353771780000e+35 1.399836621600835e+00 6.000000000000000e+38 
1.162272819737000e+15 2.155197888020000e+35 1.408157948884390e+00 6.100000000000000e+38 
1.185709744886000e+15 2.230289316960001e+35 1.416479965633630e+00 6.200000000000000e+38 
1.209284775804000e+15 2.306635909380000e+35 1.424803505991022e+00 6.300000000000000e+38 
1.232997965972000e+15 2.384242632100001e+35 1.433130280727869e+00 6.400000000000000e+38 
1.256792411606000e+15 2.445662168000000e+35 1.439624237843521e+00 6.500000000000000e+38 
1.352438616394000e+15 2.445662168000000e+35 1.443184141841602e+00 6.899999999999999e+38 
1.376464991298000e+15 2.576899491540000e+35 1.452541586767364e+00 6.999999999999999e+38 
1.400647120701000e+15 2.674425245320000e+35 1.461950304706100e+00 7.100000000000000e+38 
1.424985806818000e+15 2.773829418380000e+35 1.471404216432349e+00 7.199999999999999e+38 
1.449481709248000e+15 2.875113933360000e+35 1.480902237998319e+00 7.299999999999999e+38 
1.474135594552000e+15 2.978280552680001e+35 1.490443315570575e+00 7.399999999999999e+38 
1.498948122329000e+15 3.083331679640001e+35 1.500026496849973e+00 7.500000000000000e+38 
1.523920041313000e+15 3.190268596000000e+35 1.509650766931891e+00 7.600000000000001e+38 
1.549052011103000e+15 3.299093064180001e+35 1.519315193745908e+00 7.700000000000001e+38 
1.574344691298000e+15 3.409806686380000e+35 1.529018867813358e+00 7.800000000000000e+38 
1.599798723670000e+15 3.522410904580000e+35 1.538760900989205e+00 7.900000000000000e+38 
1.625414714337000e+15 3.636907160760001e+35 1.548540439140552e+00 8.000000000000000e+38 
1.651193287244000e+15 3.753296736680000e+35 1.558356646918273e+00 8.100000000000001e+38 
1.677135066336000e+15 3.871580433440001e+35 1.568208679937840e+00 8.199999999999999e+38 
1.703240604250000e+15 3.991759853240000e+35 1.578095790844366e+00 8.299999999999999e+38 
1.729510542758000e+15 4.113836277840001e+35 1.588017233408518e+00 8.400000000000000e+38 
1.755945381016000e+15 4.237810027680000e+35 1.597972210974202e+00 8.500000000000000e+38 
1.782545671661000e+15 4.363681903860001e+35 1.607959993423099e+00 8.599999999999999e+38 
1.809311967330000e+15 4.491453027920000e+35 1.617979901359278e+00 8.699999999999999e+38 
1.836244820660000e+15 4.621124521400001e+35 1.628031278925173e+00 8.800000000000000e+38 
1.863344712980000e+15 4.752695903640001e+35 1.638113369930001e+00 8.900000000000000e+38 
1.890612179100000e+15 4.886168776840001e+35 1.648225601641110e+00 9.000000000000000e+38 
1.918047753830000e+15 5.021543141000001e+35 1.658367300366964e+00 9.099999999999999e+38 
1.945651793710000e+15 5.158819476780001e+35 1.668537850516440e+00 9.200000000000000e+38 
1.973424833550000e+15 5.297998104620001e+35 1.678736645122855e+00 9.300000000000000e+38 
2.001367408160000e+15 5.439079344960001e+35 1.688963096573169e+00 9.400000000000000e+38 
2.029479874080000e+15 5.582063678460001e+35 1.699216647704516e+00 9.500000000000000e+38 
2.057762766120000e+15 5.726950784680001e+35 1.709496702180293e+00 9.599999999999999e+38 
2.086216262550000e+15 5.873740823840001e+35 1.719802716504277e+00 9.699999999999999e+38 
2.114841254720000e+15 6.022434436820001e+35 1.730134197062788e+00 9.800000000000000e+38 
2.143637742630000e+15 6.173030822520001e+35 1.740490566128640e+00 9.899999999999998e+38 
2.172606261090000e+15 6.325530301380000e+35 1.750871340563841e+00 9.999999999999999e+38 
2.201747344910000e+15 6.479932552960001e+35 1.761276008053454e+00 1.010000000000000e+39 
2.231061350630000e+15 6.636237737480000e+35 1.771704103446804e+00 1.020000000000000e+39 
2.260548456520000e+15 6.794445214060000e+35 1.782155122925541e+00 1.030000000000000e+39 
2.290209197390000e+15 6.954554822480001e+35 1.792628608943612e+00 1.040000000000000e+39 
2.320043929780000e+15 7.116565601420000e+35 1.803124064977180e+00 1.050000000000000e+39 
2.350053010230000e+15 7.280478672420000e+35 1.813641142525822e+00 1.060000000000000e+39 
2.380236795280000e+15 7.446291471960002e+35 1.824179268760502e+00 1.070000000000000e+39 
2.410595819740000e+15 7.614006243120001e+35 1.834738192335415e+00 1.080000000000000e+39 
2.441129905340000e+15 7.783492727040000e+35 1.845309421081049e+00 1.363542474156416e-21 
