		1035
1.00000065876E+03 3.45915933143E+17 1.00000104365E+00 5.97040375333E+26
1.696341270018000e+08 3.457582848400001e+25 1.000007008084106e+00 1.047129000000000e+32 
1.735862712879000e+08 3.566963440200001e+25 1.000014098588097e+00 1.071519000000000e+32 
1.776305455100000e+08 3.679320919600000e+25 1.000021216276418e+00 1.096478000000000e+32 
1.817689231170000e+08 3.795645446200000e+25 1.000028417535062e+00 1.122018000000000e+32 
1.860039408910000e+08 3.915135920000001e+25 1.000035646407332e+00 1.148154000000000e+32 
1.903375063210000e+08 4.038838577600000e+25 1.000042959754764e+00 1.174898000000000e+32 
1.947722043220000e+08 4.165909059600001e+25 1.000050301226756e+00 1.202264000000000e+32 
1.993101919610000e+08 4.297050892020000e+25 1.000057705428728e+00 1.230269000000000e+32 
2.039540363260000e+08 4.432165860000001e+25 1.000065160278293e+00 1.258925000000000e+32 
2.087055557710000e+08 4.572045931000001e+25 1.000072702385376e+00 1.288250000000000e+32 
2.135683156960000e+08 4.715726420400000e+25 1.000080273094478e+00 1.318257000000000e+32 
2.185442057630000e+08 4.863883456600001e+25 1.000087901940510e+00 1.348963000000000e+32 
2.236361852540000e+08 5.016783004800000e+25 1.000095595777315e+00 1.380384000000000e+32 
2.288466073330000e+08 5.174309866820001e+25 1.000103342012090e+00 1.412538000000000e+32 
2.341785204170000e+08 5.337133441820001e+25 1.000111166476669e+00 1.445440000000000e+32 
2.396348481340000e+08 5.504366111000001e+25 1.000119019863118e+00 1.479108000000000e+32 
2.452176049350000e+08 5.677752990600001e+25 1.000126976940875e+00 1.513561000000000e+32 
2.509314614940000e+08 5.855289568200000e+25 1.000134938986702e+00 1.548817000000000e+32 
2.567776122200000e+08 6.039640302400001e+25 1.000143018430030e+00 1.584893000000000e+32 
2.627607099600000e+08 6.228395324180000e+25 1.000151102625978e+00 1.621810000000000e+32 
2.688827513380001e+08 6.423612339000000e+25 1.000159273196202e+00 1.659587000000000e+32 
2.751476226400000e+08 6.625069762600001e+25 1.000167513051762e+00 1.698244000000000e+32 
2.815582653210000e+08 6.832617148400001e+25 1.000175808762723e+00 1.737801000000000e+32 
2.881184052240000e+08 7.046797802420001e+25 1.000184174739460e+00 1.778279000000000e+32 
2.948311085930000e+08 7.267451184220001e+25 1.000192597392648e+00 1.819701000000000e+32 
3.017010639290000e+08 7.494245798620001e+25 1.000201057364927e+00 1.862087000000000e+32 
3.087304639530000e+08 7.728998219980001e+25 1.000209614825353e+00 1.905461000000000e+32 
3.159235693180000e+08 7.970844221620001e+25 1.000218230235372e+00 1.995262000000000e+32 
3.308171186410000e+08 8.476709871800000e+25 1.000235637307996e+00 2.041738000000000e+32 
3.385251569010000e+08 8.741356300980002e+25 1.000244435645880e+00 2.089296000000000e+32 
3.464121604140000e+08 9.015295810600000e+25 1.000253335681550e+00 2.137962000000000e+32 
3.544838694740000e+08 9.296188708000000e+25 1.000262253933603e+00 2.187762000000000e+32 
3.627437246920000e+08 9.585773380180003e+25 1.000271238767889e+00 2.238721000000000e+32 
3.711953092950000e+08 9.885510072220001e+25 1.000280326927959e+00 2.290868000000000e+32 
3.798445418470000e+08 1.019331976940000e+26 1.000289447457763e+00 2.344229000000000e+32 
3.886951838450001e+08 1.051064973898000e+26 1.000298635969177e+00 2.398833000000000e+32 
3.977514781150000e+08 1.083910105942000e+26 1.000307930056479e+00 2.454709000000000e+32 
4.070193788750001e+08 1.117639764540000e+26 1.000317257217767e+00 2.511886000000000e+32 
4.165031467780000e+08 1.152411846502000e+26 1.000326653687515e+00 2.570396000000000e+32 
4.262074524980001e+08 1.188402353498000e+26 1.000336158065334e+00 2.630268000000000e+32 
4.361383393880000e+08 1.225361598680000e+26 1.000345696139013e+00 2.691535000000000e+32 
4.463007098730000e+08 1.263462699758000e+26 1.000355304993737e+00 2.754229000000000e+32 
4.566991276650000e+08 1.302898609678000e+26 1.000365024131997e+00 2.818383000000000e+32 
4.673404918130000e+08 1.343395352240000e+26 1.000374777591054e+00 2.884031999999999e+32 
4.782303999950001e+08 1.385076921702000e+26 1.000384587817196e+00 2.951209000000000e+32 
4.893731306910000e+08 1.428216284878000e+26 1.000394510036722e+00 3.019952000000000e+32 
5.007759038360001e+08 1.472583445958000e+26 1.000404482411106e+00 3.090295000000000e+32 
5.124441566650001e+08 1.518320808478000e+26 1.000414528764898e+00 3.162278000000000e+32 
5.243856439230000e+08 1.565320544378000e+26 1.000424617330274e+00 3.235936999999999e+32 
5.366033248920001e+08 1.614115561400000e+26 1.000434852858637e+00 3.311311000000000e+32 
5.491069509410001e+08 1.664142654200000e+26 1.000445108042131e+00 3.388442000000000e+32 
5.619021197480000e+08 1.715712665600000e+26 1.000455438798755e+00 3.467369000000000e+32 
5.749947320500000e+08 1.768953771600000e+26 1.000465861529933e+00 3.548134000000000e+32 
5.883926852080001e+08 1.823885198600000e+26 1.000476370410081e+00 3.630781000000000e+32 
6.021025573850001e+08 1.880466891600000e+26 1.000486948648995e+00 3.715352000000000e+32 
6.161330125030001e+08 1.938605923000000e+26 1.000497570596465e+00 3.801894000000000e+32 
6.304898978180001e+08 1.998630743800000e+26 1.000508287364375e+00 3.890451000000000e+32 
6.451801836870000e+08 2.060752844400000e+26 1.000519126192228e+00 3.981072000000000e+32 
6.602146554450001e+08 2.124437090000000e+26 1.000529984697065e+00 4.073803000000000e+32 
6.755993386180001e+08 2.190077621800000e+26 1.000540921890231e+00 4.168694000000000e+32 
6.913410252930000e+08 2.257953222600000e+26 1.000551974091484e+00 4.265795000000000e+32 
7.074509464800000e+08 2.327700193000000e+26 1.000563072488320e+00 4.365158000000000e+32 
7.239351811860001e+08 2.399879303000000e+26 1.000574296463565e+00 4.466836000000000e+32 
7.408047286700001e+08 2.473985859600000e+26 1.000585557893239e+00 4.570881999999999e+32 
7.580672901960001e+08 2.550370744600001e+26 1.000596901233624e+00 4.677351000000000e+32 
7.757303709310001e+08 2.629354398000000e+26 1.000608363547252e+00 4.786300999999999e+32 
7.938068419690001e+08 2.710512236800000e+26 1.000619873331422e+00 4.897788000000000e+32 
8.123043867470001e+08 2.794163098800000e+26 1.000631466546216e+00 5.011872000000000e+32 
8.312316870140001e+08 2.880731567000000e+26 1.000643191064861e+00 5.128614000000000e+32 
8.506014177670001e+08 2.969610407600000e+26 1.000654954539622e+00 5.248075000000000e+32 
8.704224568520001e+08 3.061219397000001e+26 1.000666803354274e+00 5.370318000000000e+32 
8.907071583800001e+08 3.155339033800000e+26 1.000678699746147e+00 5.495409000000000e+32 
9.114627066320000e+08 3.252650253000000e+26 1.000690719513256e+00 5.623413000000000e+32 
9.327017766050001e+08 3.352951177400000e+26 1.000702826594670e+00 5.754399000000001e+32 
9.544357954060003e+08 3.456329928000001e+26 1.000715021148423e+00 5.888437000000000e+32 
9.766764040660001e+08 3.562882636800000e+26 1.000727304038625e+00 6.025596000000001e+32 
9.994372045860001e+08 3.672352951800001e+26 1.000739635913023e+00 6.165950000000000e+32 
1.022724614686000e+09 3.785995395600000e+26 1.000752146382181e+00 6.309573000000000e+32 
1.046556247442000e+09 3.902667599600000e+26 1.000764698167540e+00 6.456541999999999e+32 
1.070945544412000e+09 4.022531386000001e+26 1.000777299686944e+00 6.606934000000000e+32 
1.095900812978000e+09 4.146463158200001e+26 1.000790032295334e+00 6.760830000000000e+32 
1.121440111891000e+09 4.273783583400001e+26 1.000802815293098e+00 6.918310000000000e+32 
1.147571980284000e+09 4.405423539800001e+26 1.000815731119632e+00 7.079458000000000e+32 
1.174315243469000e+09 4.540665241800001e+26 1.000828698287221e+00 7.244360000000000e+32 
1.201679189313000e+09 4.680492440200000e+26 1.000841799940669e+00 7.413102000000000e+32 
1.229683195765000e+09 4.824144090000000e+26 1.000854953599032e+00 7.585775999999999e+32 
1.258340044784000e+09 4.972187370000000e+26 1.000868200741899e+00 7.762471000000000e+32 
1.287663124447000e+09 5.125003603800001e+26 1.000881563708074e+00 7.943282000000000e+32 
1.317669530847000e+09 5.282498261600001e+26 1.000895022335151e+00 8.128304999999999e+32 
1.348376645309000e+09 5.444552780600001e+26 1.000908555397675e+00 8.317638000000000e+32 
1.379799371205000e+09 5.611561302000001e+26 1.000922184669990e+00 8.511379999999999e+32 
1.411954145029000e+09 5.783672830400001e+26 1.000935910665249e+00 8.709635999999999e+32 
1.444858437241000e+09 5.961044381400000e+26 1.000949734156094e+00 8.912509000000000e+32 
1.478529308280000e+09 6.143834572800001e+26 1.000963655673301e+00 9.120108000000001e+32 
1.512984888205000e+09 6.332211635600001e+26 1.000977676114450e+00 9.332542999999999e+32 
1.548243467518000e+09 6.526345403000000e+26 1.000991796115990e+00 9.549926000000001e+32 
1.584323604126000e+09 6.726408912600002e+26 1.001006016181101e+00 9.772372000000000e+32 
1.621244444227000e+09 6.932584815200002e+26 1.001020337127034e+00 1.000000000000000e+33 
1.659025722310000e+09 7.145060568200001e+26 1.001034759776417e+00 1.023293000000000e+33 
1.697690167800000e+09 7.363129601400001e+26 1.001049225136876e+00 1.047129000000000e+33 
1.737257247781000e+09 7.588017597800002e+26 1.001063803129331e+00 1.071519000000000e+33 
1.777740635562000e+09 7.820511237600002e+26 1.001078531092001e+00 1.096478000000000e+33 
1.819168872170000e+09 8.060107269779999e+26 1.001093363595205e+00 1.122018000000000e+33 
1.861565756650000e+09 8.306210156600000e+26 1.001108252068294e+00 1.148154000000000e+33 
1.904948652500000e+09 8.560636151980001e+26 1.001123293691794e+00 1.174898000000000e+33 
1.949345191570000e+09 8.821972596180002e+26 1.001138392165154e+00 1.202264000000000e+33 
1.994770526810000e+09 9.092148538000002e+26 1.001153646091702e+00 1.230269000000000e+33 
2.041264768970001e+09 9.368518424800002e+26 1.001168894477639e+00 1.258925000000000e+33 
2.088832374800000e+09 9.655381279620002e+26 1.001184361454204e+00 1.288250000000000e+33 
2.137515594290000e+09 9.950028903800002e+26 1.001199886660470e+00 1.318257000000000e+33 
2.187331719630000e+09 1.025364099720000e+27 1.001215519999527e+00 1.348963000000000e+33 
2.238308739210001e+09 1.056648817140000e+27 1.001231262125738e+00 1.380384000000000e+33 
2.290468401970000e+09 1.088991947880000e+27 1.001247166504608e+00 1.412538000000000e+33 
2.343854384060001e+09 1.122075631482000e+27 1.001263064717077e+00 1.445440000000000e+33 
2.398478807840000e+09 1.156302292520000e+27 1.001279137656425e+00 1.479108000000000e+33 
2.454375722880000e+09 1.191570079140000e+27 1.001295322587893e+00 1.513561000000000e+33 
2.511576504700000e+09 1.227910378440000e+27 1.001311620164929e+00 1.548817000000000e+33 
2.570115559410000e+09 1.265201583440000e+27 1.001327963433719e+00 1.584893000000000e+33 
2.630012318440001e+09 1.303781101438000e+27 1.001344486372955e+00 1.621810000000000e+33 
2.691306001190000e+09 1.343533782320000e+27 1.001361124317269e+00 1.659587000000000e+33 
2.754031370310000e+09 1.384427229602000e+27 1.001377850188072e+00 1.698244000000000e+33 
2.818223188450000e+09 1.426387533798000e+27 1.001394621615070e+00 1.737801000000000e+33 
2.883902669740000e+09 1.469868069442000e+27 1.001411604998634e+00 1.778279000000000e+33 
2.951112064170001e+09 1.514670532240000e+27 1.001428706565272e+00 1.819701000000000e+33 
3.019894513080000e+09 1.560644235282000e+27 1.001445855746133e+00 1.862087000000000e+33 
3.090280144100001e+09 1.608048030000000e+27 1.001463135794346e+00 1.905461000000000e+33 
3.162307285280000e+09 1.656886290400000e+27 1.001480533513294e+00 1.949845000000000e+33 
3.236011234080000e+09 1.707164928600000e+27 1.001498036615903e+00 1.995262000000000e+33 
3.311432814330000e+09 1.759007314000000e+27 1.001515673209840e+00 2.041738000000000e+33 
3.388606788680000e+09 1.812597699600000e+27 1.001533489627022e+00 2.089296000000000e+33 
3.467591629690001e+09 1.867404155000000e+27 1.001551295569244e+00 2.137962000000000e+33 
3.548411760350000e+09 1.924099604200001e+27 1.001569295802851e+00 2.187762000000000e+33 
3.631114600480000e+09 1.982464545800000e+27 1.001587404343086e+00 2.238721000000000e+33 
3.715744717580000e+09 2.042643177800000e+27 1.001605650588119e+00 2.290868000000000e+33 
3.802348996660000e+09 2.104645113400000e+27 1.001624021834551e+00 2.344229000000000e+33 
3.890977175050001e+09 2.168257260000000e+27 1.001642441065902e+00 2.398833000000000e+33 
3.981664371940001e+09 2.234062818400001e+27 1.001661061673298e+00 2.454709000000000e+33 
4.074472268750000e+09 2.301576322000000e+27 1.001679730708320e+00 2.511886000000000e+33 
4.169435093320001e+09 2.371417822200000e+27 1.001698603873166e+00 2.570396000000000e+33 
4.266620588250000e+09 2.443071410600000e+27 1.001717525997765e+00 2.630268000000000e+33 
4.366066725050000e+09 2.517070619800000e+27 1.001736622717978e+00 2.691535000000000e+33 
4.467838928810000e+09 2.592986060200000e+27 1.001755767928309e+00 2.754229000000000e+33 
4.571970536020000e+09 2.671647671400000e+27 1.001775154128371e+00 2.818383000000000e+33 
4.678536420080001e+09 2.752352087600000e+27 1.001794591146204e+00 2.884031999999999e+33 
4.787588992370001e+09 2.835552731400000e+27 1.001814173162084e+00 2.951208999999999e+33 
4.899179594650001e+09 2.921196730200000e+27 1.001833871409297e+00 3.019952000000000e+33 
5.013374899900001e+09 3.009489165600000e+27 1.001853716546841e+00 3.090295000000000e+33 
5.130227854310000e+09 3.100372358400000e+27 1.001873679014496e+00 3.162278000000000e+33 
5.249808696260000e+09 3.194069014400000e+27 1.001893791060683e+00 3.235937000000000e+33 
5.372184990080002e+09 3.290184992400000e+27 1.001913952722561e+00 3.311311000000000e+33 
5.497400946730000e+09 3.389524596800000e+27 1.001934316150141e+00 3.388442000000000e+33 
5.625539283490000e+09 3.491938823000001e+27 1.001954832126431e+00 3.467369000000000e+33 
5.756673447600000e+09 3.596995077000001e+27 1.001975398325435e+00 3.548134000000000e+33 
5.890863337780001e+09 3.705204460600001e+27 1.001996099408577e+00 3.630781000000000e+33 
6.028171705070001e+09 3.817134152600000e+27 1.002017024874577e+00 3.715352000000000e+33 
6.168689467170001e+09 3.931951009000000e+27 1.002038001585796e+00 3.801893999999999e+33 
6.312484188410001e+09 4.050212595400000e+27 1.002059115640914e+00 3.890451000000000e+33 
6.459617728480000e+09 4.172540565400000e+27 1.002080458719562e+00 3.981072000000000e+33 
6.610208458660000e+09 4.297587468800001e+27 1.002101779567133e+00 4.073803000000000e+33 
6.764293815650001e+09 4.426820920800000e+27 1.002123312381499e+00 4.168694000000000e+33 
6.921958299430001e+09 4.560497273400001e+27 1.002145078722390e+00 4.265795000000000e+33 
7.083324559760001e+09 4.697144104800001e+27 1.002166822293299e+00 4.365158000000000e+33 
7.248437520680000e+09 4.838363615000000e+27 1.002188781789856e+00 4.466836000000000e+33 
7.417399865710000e+09 4.983820944200000e+27 1.002210885560389e+00 4.570882000000000e+33 
7.590315882800000e+09 5.133118746800001e+27 1.002233056402963e+00 4.677351000000000e+33 
7.767247788180000e+09 5.287537180600001e+27 1.002255465610168e+00 4.786301000000000e+33 
7.948302900390001e+09 5.446467409600001e+27 1.002278004754351e+00 4.897787999999999e+33 
8.133593886070001e+09 5.609592198200000e+27 1.002300612153478e+00 5.011872000000001e+33 
8.323204532120000e+09 5.777590879200001e+27 1.002323364942549e+00 5.128614000000000e+33 
8.517235917630001e+09 5.950610855000001e+27 1.002346264371210e+00 5.248075000000000e+33 
8.715789834770000e+09 6.128797925800002e+27 1.002369310737797e+00 5.370318000000000e+33 
8.918954883730001e+09 6.313097389600001e+27 1.002392605176221e+00 5.495409000000000e+33 
9.126872967430002e+09 6.502115332400002e+27 1.002415952297091e+00 5.623413000000000e+33 
9.339636429730001e+09 6.696777825800001e+27 1.002439449205250e+00 5.754399000000000e+33 
9.557360076510002e+09 6.897256305200001e+27 1.002463097302765e+00 5.888436999999999e+33 
9.780160318080000e+09 7.103722206000001e+27 1.002486897376546e+00 6.025596000000001e+33 
1.000817335272000e+10 7.315605145000001e+27 1.002510765824483e+00 6.165949999999999e+33 
1.024148047155000e+10 7.534565001400002e+27 1.002534870006178e+00 6.309573000000000e+33 
1.048024764394000e+10 7.759267142600001e+27 1.002559043252704e+00 6.456541999999999e+33 
1.072455919160000e+10 7.991475590800001e+27 1.002583455379771e+00 6.606934000000000e+33 
1.097458821470000e+10 8.229769194600001e+27 1.002607936990628e+00 6.760830000000001e+33 
1.123042384824000e+10 8.476025732400000e+27 1.002632660795909e+00 6.918310000000000e+33 
1.149224578838000e+10 8.728734329600001e+27 1.002657454943813e+00 7.079458000000000e+33 
1.176017098024000e+10 8.988958847000002e+27 1.002682405234153e+00 7.244360000000000e+33 
1.203434257463000e+10 9.256921990400001e+27 1.002707512662189e+00 7.413102000000000e+33 
1.231490372236000e+10 9.532854476600002e+27 1.002732778276801e+00 7.585776000000000e+33 
1.260200773563000e+10 9.816991829000002e+27 1.002758202963345e+00 7.762471000000000e+33 
1.289579990449000e+10 1.010935167180000e+28 1.002783767946795e+00 7.943282000000000e+33 
1.319645796413000e+10 1.041007179420000e+28 1.002809465387968e+00 8.128304999999999e+33 
1.350412560017000e+10 1.071973379480000e+28 1.002835324509507e+00 8.317638000000001e+33 
1.381895184633000e+10 1.103915800000000e+28 1.002861391664331e+00 8.511380000000000e+33 
1.414111497261000e+10 1.136807844460000e+28 1.002887622930344e+00 8.709636000000001e+33 
1.447082052432000e+10 1.170555623940000e+28 1.002913924029501e+00 8.912508999999999e+33 
1.480820790860000e+10 1.205276099040000e+28 1.002940367114568e+00 9.120108000000000e+33 
1.515346466549000e+10 1.241051142180000e+28 1.002966993023494e+00 9.332543000000000e+33 
1.550673875909000e+10 1.278018702780000e+28 1.002993880309530e+00 9.549925999999998e+33 
1.586828065875000e+10 1.315947262940000e+28 1.003020838837315e+00 9.772372000000000e+33 
1.623828146991000e+10 1.354826889020000e+28 1.003047844029943e+00 1.000000000000000e+34 
1.661686063347000e+10 1.395102031300000e+28 1.003075181706846e+00 1.023293000000000e+34 
1.700430035084000e+10 1.436420686440000e+28 1.003102589426740e+00 1.047129000000000e+34 
1.740075910405000e+10 1.479004919360000e+28 1.003130193518988e+00 1.071519000000000e+34 
1.780644332976000e+10 1.522881807240000e+28 1.003157988264317e+00 1.096478000000000e+34 
1.822163808170000e+10 1.567892091400000e+28 1.003185851895089e+00 1.122018000000000e+34 
1.864646440520000e+10 1.614363902400000e+28 1.003213965408894e+00 1.148154000000000e+34 
1.908125602170000e+10 1.662069407400000e+28 1.003242168419825e+00 1.174898000000000e+34 
1.952616802610000e+10 1.711144793400000e+28 1.003270520686660e+00 1.202264000000000e+34 
1.998141969050000e+10 1.761796744200000e+28 1.003299117778315e+00 1.230269000000000e+34 
2.044735151060000e+10 1.813711228600000e+28 1.003327760384765e+00 1.258925000000000e+34 
2.092406153490001e+10 1.867489071600000e+28 1.003356755768329e+00 1.288250000000000e+34 
2.141199543840000e+10 1.922407681000000e+28 1.003385692257854e+00 1.318257000000000e+34 
2.191124592150000e+10 1.979189649000000e+28 1.003414929270521e+00 1.348963000000000e+34 
2.242213565290000e+10 2.037599452200000e+28 1.003444319978081e+00 1.380384000000000e+34 
2.294493382030000e+10 2.097768471000000e+28 1.003473906846413e+00 1.412538000000000e+34 
2.347998626750000e+10 2.159438751200000e+28 1.003503541524844e+00 1.445440000000000e+34 
2.402744987210000e+10 2.223199902400000e+28 1.003533483482542e+00 1.479108000000000e+34 
2.458771861080000e+10 2.288545629400000e+28 1.003563471193893e+00 1.513561000000000e+34 
2.516106523670000e+10 2.355804383200000e+28 1.003593634049342e+00 1.548817000000000e+34 
2.574778924340001e+10 2.425088317800000e+28 1.003623997841797e+00 1.584893000000000e+34 
2.634817051480000e+10 2.496347765000001e+28 1.003654516407553e+00 1.621810000000000e+34 
2.696250854450000e+10 2.570026534200001e+28 1.003685353078525e+00 1.659587000000000e+34 
2.759128287880000e+10 2.645248222000000e+28 1.003716118903525e+00 1.698244000000000e+34 
2.823466109150000e+10 2.722956684420000e+28 1.003747178069142e+00 1.737801000000000e+34 
2.889303181120000e+10 2.802941552600001e+28 1.003778419541507e+00 1.778279000000000e+34 
2.956678010110000e+10 2.885172865400001e+28 1.003809807372164e+00 1.819701000000000e+34 
3.025625537040001e+10 2.969746754820000e+28 1.003841354551083e+00 1.862087000000000e+34 
3.096182485530000e+10 3.056626049820000e+28 1.003873023957497e+00 1.905461000000000e+34 
3.168385757470000e+10 3.146036660600000e+28 1.003904874048630e+00 1.949845000000000e+34 
3.242268689350000e+10 3.238222602220001e+28 1.003936965232852e+00 1.995262000000000e+34 
3.317873174620000e+10 3.333178587420000e+28 1.003969268430488e+00 2.041738000000000e+34 
3.395245741750000e+10 3.430651308380000e+28 1.004001673035490e+00 2.089296000000000e+34 
3.474421331660001e+10 3.530963608400000e+28 1.004034262515049e+00 2.137962000000000e+34 
3.555447185900001e+10 3.634001090400001e+28 1.004066975360375e+00 2.187762000000000e+34 
3.638363058680000e+10 3.740034846620001e+28 1.004099873035436e+00 2.238721000000000e+34 
3.723206921510000e+10 3.849360803400001e+28 1.004133020164202e+00 2.290868000000000e+34 
3.810038673110001e+10 3.961436455820000e+28 1.004166227419820e+00 2.344229000000000e+34 
3.898885945330000e+10 4.077211427820001e+28 1.004199749906399e+00 2.398833000000000e+34 
3.989813450180000e+10 4.195894392820000e+28 1.004233332301967e+00 2.454709000000000e+34 
4.082861298410001e+10 4.318020165180001e+28 1.004267102115860e+00 2.511886000000000e+34 
4.178077979460001e+10 4.443674622820000e+28 1.004301056747376e+00 2.570396000000000e+34 
4.275517152600000e+10 4.572981776020001e+28 1.004335203031472e+00 2.630268000000000e+34 
4.375226950730001e+10 4.706037917000001e+28 1.004369539508114e+00 2.691535000000000e+34 
4.477262459280001e+10 4.842950713600000e+28 1.004404067143458e+00 2.754229000000000e+34 
4.581686429290001e+10 4.983173655400001e+28 1.004438624431743e+00 2.818383000000000e+34 
4.688535584380001e+10 5.128115076200001e+28 1.004473531429305e+00 2.884032000000000e+34 
4.797887293730001e+10 5.276667695580001e+28 1.004508493768710e+00 2.951209000000000e+34 
4.909777033070000e+10 5.430110549800000e+28 1.004543784994491e+00 3.019952000000000e+34 
5.024288232760001e+10 5.587373048820001e+28 1.004579131569906e+00 3.090295000000000e+34 
5.141467777810001e+10 5.749052492800001e+28 1.004614643537945e+00 3.162278000000000e+34 
5.261382519470000e+10 5.915509857400000e+28 1.004650372669847e+00 3.235937000000000e+34 
5.384092534730001e+10 6.086746584600001e+28 1.004686291048417e+00 3.311311000000000e+34 
5.509663070410001e+10 6.262809298420001e+28 1.004722381118081e+00 3.388442000000000e+34 
5.638169534720001e+10 6.443710175580002e+28 1.004758618817729e+00 3.467369000000000e+34 
5.769672004650001e+10 6.629812114380000e+28 1.004795049749228e+00 3.548134000000000e+34 
5.904240718580001e+10 6.821124407580001e+28 1.004831648124484e+00 3.630781000000000e+34 
6.041948588940000e+10 7.018073400600001e+28 1.004868467221661e+00 3.715352000000000e+34 
6.182872450100001e+10 7.220272963240001e+28 1.004905407489604e+00 3.801894000000000e+34 
6.327084857950001e+10 7.428116435600001e+28 1.004942514255870e+00 3.890451000000000e+34 
6.474645889480001e+10 7.642912013980001e+28 1.004979989590955e+00 3.981072000000000e+34 
6.625677124830000e+10 7.861966880840001e+28 1.005017338082221e+00 4.073803000000000e+34 
6.780215465890001e+10 8.088350851380001e+28 1.005055057227241e+00 4.168694000000000e+34 
6.938358248080002e+10 8.321051495420001e+28 1.005092946434505e+00 4.265795000000000e+34 
7.100188188680000e+10 8.560585202020001e+28 1.005131060602579e+00 4.365157999999999e+34 
7.265807971210001e+10 8.805792298820003e+28 1.005169189402165e+00 4.466835999999999e+34 
7.435291221180000e+10 9.057951341420002e+28 1.005207506267107e+00 4.570882000000000e+34 
7.608710851020000e+10 9.318581055200001e+28 1.005246208961701e+00 4.677351000000000e+34 
7.786190223570001e+10 9.585374913040001e+28 1.005284925400456e+00 4.786301000000000e+34 
7.967810629950002e+10 9.859762237560001e+28 1.005323837175390e+00 4.897788000000000e+34 
8.153665127100000e+10 1.014216168362000e+29 1.005362973582934e+00 5.011872000000000e+34 
8.343854972380000e+10 1.043239332416000e+29 1.005402280041663e+00 5.128613999999999e+34 
8.538499071880002e+10 1.072963683278000e+29 1.005441619549190e+00 5.248075000000000e+34 
8.737664276850002e+10 1.103675630220000e+29 1.005481340712926e+00 5.370318000000001e+34 
8.941474306670001e+10 1.135243424336000e+29 1.005521239792208e+00 5.495409000000001e+34 
9.150057159200002e+10 1.167572311518000e+29 1.005561170698161e+00 5.623413000000000e+34 
9.363503930410001e+10 1.200815846614000e+29 1.005601296471717e+00 5.754399000000000e+34 
9.581929782720001e+10 1.234999760956000e+29 1.005641618071619e+00 5.888437000000001e+34 
9.805452017790001e+10 1.270145700266000e+29 1.005682130707983e+00 6.025595999999999e+34 
1.003418455015000e+11 1.306315493442000e+29 1.005722874501252e+00 6.165949999999999e+34 
1.026825341669000e+11 1.343482463854000e+29 1.005763788598010e+00 6.309573000000000e+34 
1.050778144544000e+11 1.381699996806000e+29 1.005804901682489e+00 6.456542000000000e+34 
1.075291873974000e+11 1.420828748964000e+29 1.005846036676881e+00 6.606934000000000e+34 
1.100375140400000e+11 1.461231218078000e+29 1.005887543851801e+00 6.760830000000000e+34 
1.126045859957000e+11 1.502589960262000e+29 1.005929066433920e+00 6.918310000000000e+34 
1.152315263655000e+11 1.545116834422000e+29 1.005970789691103e+00 7.079458000000001e+34 
1.179197381343000e+11 1.588838501166000e+29 1.006012708721849e+00 7.244359999999999e+34 
1.206706581583000e+11 1.633787373000000e+29 1.006054823364591e+00 7.413102000000000e+34 
1.234857286418000e+11 1.679999627600000e+29 1.006097136137024e+00 7.585776000000000e+34 
1.263664880549000e+11 1.727501653200000e+29 1.006139640016652e+00 7.762471000000000e+34 
1.293147012706000e+11 1.776094777000000e+29 1.006182130219127e+00 7.943282000000000e+34 
1.323314076030000e+11 1.826301316200000e+29 1.006225031844024e+00 8.128305000000000e+34 
1.354187569883000e+11 1.877687074600000e+29 1.006267941835893e+00 8.317638000000000e+34 
1.385781292363000e+11 1.930498791000001e+29 1.006311038307095e+00 8.511379999999999e+34 
1.418108970260000e+11 1.985032872400000e+29 1.006354527706678e+00 8.709636000000001e+34 
1.451196916226000e+11 2.040558715600001e+29 1.006397800038876e+00 8.912508999999999e+34 
1.485053401989000e+11 2.097920680000000e+29 1.006441485257087e+00 9.120108000000001e+34 
1.519699730814000e+11 2.156872026800000e+29 1.006485359166882e+00 9.332542999999999e+34 
1.555154300165000e+11 2.217473639600000e+29 1.006529434842026e+00 9.549926000000001e+34 
1.591439304657000e+11 2.279441929000000e+29 1.006573478361625e+00 9.772371999999998e+34 
1.628567169709000e+11 2.343457830000000e+29 1.006617941481516e+00 1.000000000000000e+35 
1.666564528859000e+11 2.408946152800000e+29 1.006662392161338e+00 1.023293000000000e+35 
1.705448567335000e+11 2.476214519800000e+29 1.006707011468181e+00 1.047129000000000e+35 
1.745240107073000e+11 2.545387902600000e+29 1.006751849891856e+00 1.071519000000000e+35 
1.785957884250000e+11 2.616477516600000e+29 1.006796881562712e+00 1.096478000000000e+35 
1.827627427130000e+11 2.689468942000000e+29 1.006842065440900e+00 1.122018000000000e+35 
1.870268006700000e+11 2.764541625200000e+29 1.006887480041662e+00 1.148154000000000e+35 
1.913909215780000e+11 2.841280596400001e+29 1.006932845728165e+00 1.174898000000000e+35 
1.958562998460000e+11 2.920531817200000e+29 1.006978630066799e+00 1.202264000000000e+35 
2.004261265070001e+11 3.001555071200000e+29 1.007024372869664e+00 1.230269000000000e+35 
2.051027903790000e+11 3.084858095580001e+29 1.007070331983034e+00 1.258925000000000e+35 
2.098883772210000e+11 3.170390100600000e+29 1.007116446678393e+00 1.288250000000000e+35 
2.147858284880000e+11 3.258307621200000e+29 1.007162768519975e+00 1.318257000000000e+35 
2.197973903820000e+11 3.348594795600000e+29 1.007209256016836e+00 1.348963000000000e+35 
2.249258260880000e+11 3.441418252600001e+29 1.007255961740173e+00 1.380384000000000e+35 
2.301743622930000e+11 3.536251028620001e+29 1.007302592095147e+00 1.412538000000000e+35 
2.355450312750000e+11 3.634215785200001e+29 1.007349665945420e+00 1.445440000000000e+35 
2.410413627800001e+11 3.734316274380001e+29 1.007396671422037e+00 1.479108000000000e+35 
2.466658525880001e+11 3.837118393200000e+29 1.007443846368923e+00 1.513561000000000e+35 
2.524216382510001e+11 3.942807516200001e+29 1.007491242146094e+00 1.548817000000000e+35 
2.583118573210000e+11 4.051298887000001e+29 1.007538787101423e+00 1.584893000000000e+35 
2.643392373290000e+11 4.162789576200001e+29 1.007586534501172e+00 1.621810000000000e+35 
2.705079319660001e+11 4.276699587400000e+29 1.007634207339863e+00 1.659587000000000e+35 
2.768200448180000e+11 4.394257647780001e+29 1.007682286924182e+00 1.698244000000000e+35 
2.832798900190001e+11 4.514467669600000e+29 1.007730332073904e+00 1.737801000000000e+35 
2.898900524840000e+11 4.638320934000001e+29 1.007778706507000e+00 1.778279000000000e+35 
2.966548106930000e+11 4.765029479020000e+29 1.007827069748998e+00 1.819701000000000e+35 
3.035774804680000e+11 4.895265748000000e+29 1.007875647772404e+00 1.862087000000000e+35 
3.106616450360001e+11 5.028921111780000e+29 1.007924366348451e+00 1.905461000000000e+35 
3.179111906830001e+11 5.166143453420001e+29 1.007973246587558e+00 1.949845000000000e+35 
3.253300571760001e+11 5.306826066400000e+29 1.008022218724123e+00 1.995262000000000e+35 
3.329219881850000e+11 5.451152242400001e+29 1.008071315482397e+00 2.041738000000000e+35 
3.406912265360001e+11 5.599378173200001e+29 1.008120590988626e+00 2.089296000000000e+35 
3.486415515530000e+11 5.751673531780000e+29 1.008170067042670e+00 2.137962000000000e+35 
3.567778656610001e+11 5.907508630820001e+29 1.008219540678735e+00 2.187762000000000e+35 
3.651040729730000e+11 6.067536046380001e+29 1.008269188590354e+00 2.238721000000000e+35 
3.736242915260001e+11 6.231894849420001e+29 1.008319019729713e+00 2.290868000000000e+35 
3.823439763820001e+11 6.400127291400002e+29 1.008368864223341e+00 2.344229000000000e+35 
3.912667999030001e+11 6.573004671400001e+29 1.008418918782562e+00 2.398833000000000e+35 
4.003977179950001e+11 6.750632574400001e+29 1.008469178394607e+00 2.454709000000000e+35 
4.097424352980001e+11 6.932099188380001e+29 1.008519355287679e+00 2.511886000000000e+35 
4.193046954820001e+11 7.118893437800001e+29 1.008569829443156e+00 2.570396000000000e+35 
4.290905419000000e+11 7.310250752820002e+29 1.008620359776746e+00 2.630268000000000e+35 
4.391047521880000e+11 7.506475070780000e+29 1.008670995672411e+00 2.691535000000000e+35 
4.493525318300000e+11 7.708052819600001e+29 1.008721829084366e+00 2.754229000000000e+35 
4.598399954870001e+11 7.914201645020000e+29 1.008772631889353e+00 2.818383000000000e+35 
4.705721525460001e+11 8.125812210020001e+29 1.008823593320422e+00 2.884032000000000e+35 
4.815544402420001e+11 8.343338097420001e+29 1.008874787013903e+00 2.951209000000000e+35 
4.927934367380001e+11 8.565891688419999e+29 1.008925971711666e+00 3.019952000000000e+35 
5.042944723070000e+11 8.794648677380002e+29 1.008977389035486e+00 3.090295000000000e+35 
5.160662286980001e+11 9.011776097640002e+29 1.009025078442015e+00 3.162278000000000e+35 
5.281108986320001e+11 9.251418273180000e+29 1.009076510955161e+00 3.235937000000000e+35 
5.404370034150001e+11 9.496614475020001e+29 1.009127940995722e+00 3.311311000000000e+35 
5.530503011680000e+11 9.748701258400002e+29 1.009179612692659e+00 3.388442000000000e+35 
5.659584753280000e+11 1.000677578362000e+30 1.009231307701257e+00 3.467368999999999e+35 
5.791677653450001e+11 1.027152299118000e+30 1.009283132221880e+00 3.548134000000000e+35 
5.926859972720001e+11 1.054212688062000e+30 1.009334897221775e+00 3.630781000000000e+35 
6.065190183650001e+11 1.082069786978000e+30 1.009386973721877e+00 3.715352000000000e+35 
6.206755816810001e+11 1.110262883256000e+30 1.009438524825574e+00 3.801894000000000e+35 
6.351621762480000e+11 1.117960348738000e+30 1.009452282115657e+00 3.890451000000000e+35 
6.499863607140001e+11 1.132663257478000e+30 1.009477923399095e+00 3.981072000000000e+35 
6.651562998450001e+11 1.146616224464000e+30 1.009501716071821e+00 4.073803000000000e+35 
6.806808714870001e+11 1.159490510300000e+30 1.009523168318065e+00 4.168694000000000e+35 
6.965661368200000e+11 1.172640727020000e+30 1.009544580415261e+00 4.265795000000000e+35 
7.128220254830000e+11 1.185335614522000e+30 1.009564780644008e+00 4.365158000000000e+35 
7.294561317780001e+11 1.198334375276000e+30 1.009584993954872e+00 4.466836000000000e+35 
7.464794014830001e+11 1.210553072916000e+30 1.009603561684719e+00 4.570882000000000e+35 
7.638984127610001e+11 1.223237914624000e+30 1.009622397539308e+00 4.677351000000000e+35 
7.817232913480001e+11 1.236084338202000e+30 1.009641040543836e+00 4.786300999999999e+35 
7.999647869250000e+11 1.248367588480000e+30 1.009658460483626e+00 4.897788000000000e+35 
8.186311890470001e+11 1.260897241096000e+30 1.009675823927181e+00 5.011872000000000e+35 
8.377319281970000e+11 1.273923287316000e+30 1.009693465317560e+00 5.128614000000000e+35 
8.572789662920001e+11 1.286448053222000e+30 1.009710041676005e+00 5.248075000000000e+35 
8.772809672540001e+11 1.299570087244000e+30 1.009727012979684e+00 5.370318000000000e+35 
8.977499464810002e+11 1.312278673556000e+30 1.009743074892796e+00 5.495409000000000e+35 
9.186945500680000e+11 1.326099619262000e+30 1.009760145302064e+00 5.623413000000000e+35 
9.401286830750001e+11 1.339231202396000e+30 1.009775996288029e+00 5.754399000000001e+35 
9.620625247190001e+11 1.352518455282000e+30 1.009791668869459e+00 5.888437000000000e+35 
9.845075377610002e+11 1.366154939702000e+30 1.009807386127288e+00 6.025596000000000e+35 
1.007474008380000e+12 1.380990318338000e+30 1.009824097283001e+00 6.165949999999998e+35 
1.030977428239000e+12 1.395011378824000e+30 1.009839532570462e+00 6.309573000000000e+35 
1.055028208306000e+12 1.409466427224000e+30 1.009855082231485e+00 6.456542000000000e+35 
1.079639790139000e+12 1.424160668062000e+30 1.009870529619120e+00 6.606933999999999e+35 
1.104825027005000e+12 1.439077919118000e+30 1.009885854429823e+00 6.760830000000000e+35 
1.130597396116000e+12 1.454300004746000e+30 1.009901136527237e+00 6.918309999999999e+35 
1.156970677743000e+12 1.469653230444000e+30 1.009916199982610e+00 7.079458000000001e+35 
1.183959400891000e+12 1.484705867400000e+30 1.009930631534633e+00 7.244359999999999e+35 
1.211576044460000e+12 1.500837874452000e+30 1.009945745227684e+00 7.413101999999999e+35 
1.239836135767000e+12 1.517337185854000e+30 1.009960851843518e+00 7.585775999999999e+35 
1.268755059513000e+12 1.534221858400000e+30 1.009975959512333e+00 7.762471000000000e+35 
1.298347968648000e+12 1.551348110662000e+30 1.009990934515782e+00 7.943282000000001e+35 
1.328630568759000e+12 1.568892168618000e+30 1.010005926216859e+00 8.128305000000001e+35 
1.359620365960000e+12 1.585971444376000e+30 1.010020188181959e+00 8.317638000000000e+35 
1.391331497062000e+12 1.604000872800000e+30 1.010034899952940e+00 8.511380000000001e+35 
1.423781165120000e+12 1.622676116000000e+30 1.010049792321756e+00 8.709636000000000e+35 
1.456987375404000e+12 1.641711854200000e+30 1.010064627397063e+00 8.912508999999999e+35 
1.490968507551000e+12 1.660372677600000e+30 1.010078838929852e+00 9.120108000000000e+35 
1.525741158498000e+12 1.679911506600000e+30 1.010093379545689e+00 9.332543000000000e+35 
1.561323636574000e+12 1.700248231200000e+30 1.010108169833378e+00 9.549926000000000e+35 
1.597735497998000e+12 1.720966279400000e+30 1.010122895482265e+00 9.772372000000000e+35 
1.634997689495000e+12 1.740995381600000e+30 1.010136806692203e+00 1.000000000000000e+36 
1.673126665386000e+12 1.762604253000000e+30 1.010151472714502e+00 1.023293000000000e+36 
1.712144335054000e+12 1.784647320600000e+30 1.010166094336964e+00 1.047129000000000e+36 
1.752073891426000e+12 1.806033486200000e+30 1.010179956659200e+00 1.071519000000000e+36 
1.792930202220000e+12 1.829028260600000e+30 1.010194521648830e+00 1.096478000000000e+36 
1.834740400130000e+12 1.852511706000000e+30 1.010209058940140e+00 1.122018000000000e+36 
1.877526091480000e+12 1.875376702200000e+30 1.010222890600399e+00 1.148154000000000e+36 
1.921309025210000e+12 1.899874179980000e+30 1.010237371759909e+00 1.174898000000000e+36 
1.966111128530000e+12 1.924923135000000e+30 1.010251843179885e+00 1.202264000000000e+36 
2.011957715780000e+12 1.949268564000000e+30 1.010265587450122e+00 1.230269000000000e+36 
2.058873566490000e+12 1.975326905020001e+30 1.010279963756318e+00 1.258925000000000e+36 
2.106882568840000e+12 2.000790509400000e+30 1.010293692265321e+00 1.288250000000000e+36 
2.156011106790000e+12 2.027934981800000e+30 1.010307993239277e+00 1.318257000000000e+36 
2.206283068520000e+12 2.055667461600000e+30 1.010322272548528e+00 1.348963000000000e+36 
2.257728403390000e+12 2.082850386800000e+30 1.010335949798263e+00 1.380384000000000e+36 
2.310370643040000e+12 2.111792527600000e+30 1.010350180750552e+00 1.412538000000000e+36 
2.364243480500000e+12 2.140024893800000e+30 1.010363746743856e+00 1.445440000000000e+36 
2.419368486440000e+12 2.170111005400001e+30 1.010377874254657e+00 1.479108000000000e+36 
2.475779353890000e+12 2.199695628400000e+30 1.010391450360839e+00 1.513561000000000e+36 
2.533505140860000e+12 2.230602066400000e+30 1.010405309826004e+00 1.548817000000000e+36 
2.592577579410000e+12 2.261793696000001e+30 1.010418979306642e+00 1.584893000000000e+36 
2.653025549280000e+12 2.293118308200000e+30 1.010432393926600e+00 1.621810000000000e+36 
2.714881495610000e+12 2.326396002200000e+30 1.010446320844130e+00 1.659587000000000e+36 
2.778181072400000e+12 2.359039225000000e+30 1.010459671320640e+00 1.698244000000000e+36 
2.842954229010000e+12 2.393656358200000e+30 1.010473506778684e+00 1.737801000000000e+36 
2.909238223870000e+12 2.427611782800000e+30 1.010486769378165e+00 1.778279000000000e+36 
2.977066215200000e+12 2.462283390800000e+30 1.010500002491617e+00 1.819701000000000e+36 
3.046474926620000e+12 2.498898467400000e+30 1.010513659738362e+00 1.862087000000000e+36 
3.117501973100000e+12 2.534901503600000e+30 1.010526783504186e+00 1.905461000000000e+36 
3.190185504420000e+12 2.571582270400000e+30 1.010539849456371e+00 1.949845000000000e+36 
3.264562244200000e+12 2.609062535000000e+30 1.010552895927178e+00 1.995262000000000e+36 
3.340669272600000e+12 2.648375716400001e+30 1.010566269316785e+00 2.041738000000000e+36 
3.418553474630000e+12 2.687283541200001e+30 1.010579203975100e+00 2.089296000000000e+36 
3.498252286990000e+12 2.726774566800000e+30 1.010592033295461e+00 2.137962000000000e+36 
3.579808494480000e+12 2.767031444000000e+30 1.010604813699049e+00 2.187762000000000e+36 
3.663266308060000e+12 2.807956438600000e+30 1.010617510497055e+00 2.238721000000000e+36 
3.748667442910000e+12 2.849559163800000e+30 1.010630123720726e+00 2.290868000000000e+36 
3.836060566740000e+12 2.891980613200000e+30 1.010642692418009e+00 2.344229000000000e+36 
3.925489177430000e+12 2.935049351400001e+30 1.010655162466126e+00 2.398833000000000e+36 
4.017002120960001e+12 2.978837477400001e+30 1.010667552192615e+00 2.454709000000000e+36 
4.110647708500001e+12 3.023361013200001e+30 1.010679863256749e+00 2.511886000000000e+36 
4.206474964300000e+12 3.068563881800000e+30 1.010692077671522e+00 2.570396000000000e+36 
4.304537369360000e+12 3.114455696400001e+30 1.010704196298552e+00 2.630268000000000e+36 
4.404885552360000e+12 3.159729061800000e+30 1.010715879171382e+00 2.691535000000000e+36 
4.507570855060000e+12 3.207061254200000e+30 1.010727814951142e+00 2.754229000000000e+36 
4.612649075970001e+12 3.255112834400001e+30 1.010739656692451e+00 2.818383000000000e+36 
4.720175478790001e+12 3.303734797800001e+30 1.010751366542781e+00 2.884032000000000e+36 
4.830210675320000e+12 3.351783173600000e+30 1.010762674573935e+00 2.951209000000000e+36 
4.942806363860001e+12 3.401755791600001e+30 1.010774167756733e+00 3.019952000000000e+36 
5.058029930470001e+12 3.451012226200000e+30 1.010785238657460e+00 3.090295000000000e+36 
5.175936282310001e+12 3.500941584800001e+30 1.010796204791189e+00 3.162278000000000e+36 
5.296591022740001e+12 3.552825627400000e+30 1.010807341124631e+00 3.235937000000000e+36 
5.420057972420001e+12 3.603977464600001e+30 1.010818070700713e+00 3.311311000000000e+36 
5.546401130280000e+12 3.655629188200000e+30 1.010828657961249e+00 3.388442000000000e+36 
5.675688417190001e+12 3.709349352000000e+30 1.010839418797389e+00 3.467369000000000e+36 
5.807989358450000e+12 3.762221952000001e+30 1.010849769116227e+00 3.548134000000000e+36 
5.943372766280000e+12 3.815482284400000e+30 1.010859957736592e+00 3.630781000000000e+36 
6.081911909650001e+12 3.869325817600001e+30 1.010870023463605e+00 3.715352000000000e+36 
6.223677740020001e+12 3.923537856800000e+30 1.010879927394654e+00 3.801894000000000e+36 
6.368748517920001e+12 3.978323483600000e+30 1.010889708541009e+00 3.890451000000000e+36 
6.517200542910001e+12 4.031936300000001e+30 1.010899062206996e+00 3.981072000000001e+36 
6.669111718980001e+12 4.087593523600001e+30 1.010908551245847e+00 4.073802999999999e+36 
6.824561019740001e+12 4.143579198200000e+30 1.010917881046854e+00 4.092607000000000e+36 
6.856085038650001e+12 4.153477589800000e+30 1.010919507587207e+00 4.111497000000000e+36 
6.887751138750001e+12 4.164962159400001e+30 1.010921386091265e+00 4.130475000000000e+36 
6.919564846410001e+12 4.176542861000000e+30 1.010923271663722e+00 4.149540000000000e+36 
6.951524200660001e+12 4.188222899000001e+30 1.010925164727424e+00 4.168694000000000e+36 
6.983635084410001e+12 4.198225433600001e+30 1.010926778418954e+00 4.187936000000000e+36 
7.015891258210000e+12 4.209849394600000e+30 1.010928645023345e+00 4.207266000000000e+36 
7.048295217840001e+12 4.221450924800000e+30 1.010930499564599e+00 4.226686000000000e+36 
7.080852133130001e+12 4.231467879200001e+30 1.010932093406085e+00 4.246196000000000e+36 
7.113557903870001e+12 4.243135099600001e+30 1.010933941250466e+00 4.265795000000000e+36 
7.146412886600002e+12 4.254776684800000e+30 1.010935776610764e+00 4.285485000000000e+36 
7.179420290180002e+12 4.266517606400001e+30 1.010937619178943e+00 4.305266000000000e+36 
7.212582788660001e+12 4.276515334400001e+30 1.010939180926239e+00 4.325138000000001e+36 
7.245895390480000e+12 4.288323548400001e+30 1.010941016977691e+00 4.345102000000000e+36 
7.279362908930001e+12 4.299595025400000e+30 1.010942761594791e+00 4.365158000000000e+36 
7.312985878820001e+12 4.310116672800000e+30 1.010944382621112e+00 4.385307000000000e+36 
7.346763230530001e+12 4.321838368000001e+30 1.010946180215730e+00 4.405549000000000e+36 
7.380696568490000e+12 4.333532825800000e+30 1.010947965473635e+00 4.425883999999999e+36 
7.414787853670000e+12 4.343681160600001e+30 1.010949507543876e+00 4.446313000000000e+36 
7.449034768560001e+12 4.355441308600001e+30 1.010951286278507e+00 4.466836000000000e+36 
7.483439274130000e+12 4.367172617000001e+30 1.010953052590721e+00 4.487454000000001e+36 
7.518005114050000e+12 4.377332167200000e+30 1.010954575183873e+00 4.508167000000000e+36 
7.552728188110000e+12 4.389129165800001e+30 1.010956335010034e+00 4.528976000000000e+36 
7.587612239980001e+12 4.400898927000000e+30 1.010958082798400e+00 4.549881000000001e+36 
7.622659587170002e+12 4.411068090400000e+30 1.010959585921717e+00 4.570882000000000e+36 
7.657865594660000e+12 4.422901939600001e+30 1.010961327025183e+00 4.591980000000000e+36 
7.693234362660001e+12 4.434638054600000e+30 1.010963045906131e+00 4.613176000000000e+36 
7.728769634840001e+12 4.444815229000000e+30 1.010964529571838e+00 4.634469000000000e+36 
7.764465171750001e+12 4.456684326600001e+30 1.010966251945485e+00 4.655861000000000e+36 
7.800329173810000e+12 4.466840672400000e+30 1.010967719003940e+00 4.677351000000000e+36 
7.836355223300001e+12 4.478708167800001e+30 1.010969425309785e+00 4.698941000000000e+36 
7.872549024860000e+12 4.490543619200001e+30 1.010971119282898e+00 4.720630000000000e+36 
7.908911113300002e+12 4.500703169400001e+30 1.010972566669167e+00 4.742420000000000e+36 
7.945440240730001e+12 4.512535416400000e+30 1.010974244564200e+00 4.764310000000000e+36 
7.982137120230001e+12 4.524404514000000e+30 1.010975920041386e+00 4.786300999999999e+36 
8.019005495470001e+12 4.534642572000000e+30 1.010977358601879e+00 4.808393000000000e+36 
8.056041266240000e+12 4.546433161800001e+30 1.010979007667623e+00 4.830588000000000e+36 
8.093250315450001e+12 4.557683810200001e+30 1.010980574036207e+00 4.852885000000001e+36 
8.130631038670001e+12 4.568575565800001e+30 1.010982083432583e+00 4.875285000000000e+36 
8.168183257630001e+12 4.580396597400001e+30 1.010983714116168e+00 4.897788000000000e+36 
8.205910181190002e+12 4.590613826800001e+30 1.010985117067214e+00 4.920395000000000e+36 
8.243809491840000e+12 4.602500548600001e+30 1.010986741762108e+00 4.943107000000000e+36 
8.281886894220002e+12 4.612690540600000e+30 1.010988128146970e+00 4.965923000000000e+36 
8.320136683690001e+12 4.624569251400000e+30 1.010989736816233e+00 4.988845000000001e+36 
8.358564208350001e+12 4.636486415000001e+30 1.010991343366486e+00 5.011872000000000e+36 
8.397170003010001e+12 4.646678009200000e+30 1.010992710946460e+00 5.035006000000000e+36 
8.435952998050000e+12 4.658510256200001e+30 1.010994291380711e+00 5.058246999999999e+36 
8.474917650220001e+12 4.668746712000001e+30 1.010995652383222e+00 5.081594000000000e+36 
8.514057720070000e+12 4.680646251400001e+30 1.010997227194307e+00 5.105050000000000e+36 
8.553380873210001e+12 4.692489713800000e+30 1.010998787464813e+00 5.128614000000000e+36 
8.592886931370000e+12 4.702745396000000e+30 1.011000132316538e+00 5.152286000000000e+36 
8.632572329150002e+12 4.714593665000000e+30 1.011001678871345e+00 5.176068000000000e+36 
8.672444197350001e+12 4.724722773400000e+30 1.011002994946275e+00 5.199960000000000e+36 
8.712498257490001e+12 4.736636732600000e+30 1.011004535813654e+00 5.223962000000000e+36 
8.752739144590001e+12 4.746813907000000e+30 1.011005846012420e+00 5.248075000000000e+36 
8.793163828060001e+12 4.758716650800001e+30 1.011007371317621e+00 5.272299000000000e+36 
8.833776942920002e+12 4.768861781200001e+30 1.011008665416839e+00 5.296634000000000e+36 
8.874574032420002e+12 4.780751707400000e+30 1.011010175068553e+00 5.321083000000000e+36 
8.915562227360002e+12 4.792599976400001e+30 1.011011672602970e+00 5.345644000000000e+36 
8.956740458120002e+12 4.802740300200001e+30 1.011012948341917e+00 5.370317999999999e+36 
8.998106050650002e+12 4.814572547200001e+30 1.011014430098711e+00 5.395106000000000e+36 
9.039664887860002e+12 4.824679224800000e+30 1.011015689945578e+00 5.420009000000000e+36 
9.081414473970000e+12 4.836578764200000e+30 1.011017166467351e+00 5.445027000000000e+36 
9.123359087460000e+12 4.846651795600000e+30 1.011018410610024e+00 5.470159999999999e+36 
9.165494271580000e+12 4.858535313000001e+30 1.011019871623054e+00 5.495409000000000e+36 
9.207826265780002e+12 4.868656410400001e+30 1.011021110241577e+00 5.520773999999999e+36 
9.250350435040000e+12 4.880525508000001e+30 1.011022556105491e+00 5.546257000000000e+36 
9.293074801510000e+12 4.890609754800001e+30 1.011023778902013e+00 5.571857000000000e+36 
9.335993304010002e+12 4.902377913800000e+30 1.011025199326878e+00 5.597575999999999e+36 
9.379113429880002e+12 4.912425310000000e+30 1.011026406481372e+00 5.623412999999999e+36 
9.422429296210000e+12 4.924260761400000e+30 1.011027821929434e+00 5.649370000000000e+36 
9.465948390340000e+12 4.934356223600000e+30 1.011029023742463e+00 5.675445999999999e+36 
9.509665185900002e+12 4.946089134200000e+30 1.011030414064686e+00 5.701643000000000e+36 
9.553586813690002e+12 4.956147745800001e+30 1.011031600508902e+00 5.727960000000000e+36 
9.597707569070000e+12 4.967947948800000e+30 1.011032985987414e+00 5.754399000000000e+36 
9.642035295920002e+12 4.977881588800000e+30 1.011034146950679e+00 5.780960000000000e+36 
9.686565180950002e+12 4.989662565400001e+30 1.011035517486556e+00 5.807643999999999e+36 
9.731303463610002e+12 4.999644271400001e+30 1.011036673374056e+00 5.834451000000000e+36 
9.776246043690002e+12 5.011316298400001e+30 1.011038018786282e+00 5.861381999999999e+36 
9.821398625830002e+12 5.021349274800001e+30 1.011039169955160e+00 5.888436999999999e+36 
9.866756931550000e+12 5.033091798600000e+30 1.011040511087958e+00 5.915616000000001e+36 
9.912325417600002e+12 5.042993394600000e+30 1.011041636770720e+00 5.942922000000000e+36 
9.958104797060000e+12 5.054623764400001e+30 1.011042952912265e+00 5.970353000000000e+36 
1.000409596128000e+13 5.064576630800001e+30 1.011044074045993e+00 5.997910999999999e+36 
1.005029766237000e+13 5.076277497400000e+30 1.011045386029528e+00 6.025596000000001e+36 
1.009671489189000e+13 5.086098983400001e+30 1.011046482223102e+00 6.053409000000000e+36 
1.014334426271000e+13 5.097779021400000e+30 1.011047779860403e+00 6.081350000000000e+36 
1.019019058812000e+13 5.107650175600001e+30 1.011048871533897e+00 6.109419999999999e+36 
1.023725315504000e+13 5.117545362800001e+30 1.011049960762950e+00 6.137620000000000e+36 
1.028453178520000e+13 5.129140484200001e+30 1.011051231295245e+00 6.165950000000000e+36 
1.033203040054000e+13 5.138897882200001e+30 1.011052295546244e+00 6.194411000000000e+36 
1.037974668355000e+13 5.150470572800000e+30 1.011053551990862e+00 6.223003000000000e+36 
1.042768455617000e+13 5.160282445600001e+30 1.011054612371851e+00 6.251727000000000e+36 
1.047584187916000e+13 5.171832705400001e+30 1.011055854886360e+00 6.280583999999999e+36 
1.052422417889000e+13 5.181602921000000e+30 1.011056901085071e+00 6.309572999999999e+36 
1.057282575072000e+13 5.193130750000001e+30 1.011058129817362e+00 6.338696999999999e+36 
1.062165604296000e+13 5.202857706200001e+30 1.011059161872263e+00 6.367955000000000e+36 
1.067071095540000e+13 5.212510961200000e+30 1.011060181328836e+00 6.397347999999999e+36 
1.071998995323000e+13 5.223949067000000e+30 1.011061383766033e+00 6.426877000000000e+36 
1.076949927590000e+13 5.233757735400001e+30 1.011062410176149e+00 6.456542000000000e+36 
1.081923464493000e+13 5.245074074000000e+30 1.011063588911825e+00 6.486343999999999e+36 
1.086920176496000e+13 5.254740146600001e+30 1.011064591139106e+00 6.516284000000000e+36 
1.091939903156000e+13 5.265319473200000e+30 1.011065682983346e+00 6.546362000000000e+36 
1.096982787089000e+13 5.275860347000001e+30 1.011066765900223e+00 6.576577999999999e+36 
1.102048953084000e+13 5.285305316000001e+30 1.011067731734747e+00 6.606933999999999e+36 
1.107138329833000e+13 5.296709775600000e+30 1.011068892604993e+00 6.637431000000000e+36 
1.112251612589000e+13 5.306215628200001e+30 1.011069855804740e+00 6.668068000000000e+36 
1.117388337850000e+13 5.315849656800001e+30 1.011070827439023e+00 6.698845999999999e+36 
1.122548505616000e+13 5.327060250200000e+30 1.011071952920345e+00 6.729767000000000e+36 
1.127732864621000e+13 5.336654223800001e+30 1.011072911677274e+00 6.760830000000000e+36 
1.132940826574000e+13 5.347842386400001e+30 1.011074024608832e+00 6.792036000000000e+36 
1.138172979766000e+13 5.357396305000001e+30 1.011074970641648e+00 6.823387000000000e+36 
1.143429448986000e+13 5.366871715800000e+30 1.011075904528351e+00 6.854881999999999e+36 
1.148709859867000e+13 5.377966950800001e+30 1.011076993070892e+00 6.886523000000001e+36 
1.154014943316000e+13 5.387509654000001e+30 1.011077925030837e+00 6.918310000000000e+36 
1.159344556717000e+13 5.396757552400000e+30 1.011078823985193e+00 6.950243000000000e+36 
1.164698397011000e+13 5.407977759000000e+30 1.011079909682803e+00 6.982324000000000e+36 
1.170077284240000e+13 5.417403501600000e+30 1.011080817558847e+00 7.014553000000000e+36 
1.175480772729000e+13 5.428493930000001e+30 1.011081880866240e+00 7.046931000000000e+36 
1.180909468596000e+13 5.437770668000001e+30 1.011082766228569e+00 7.079458000000001e+36 
1.186363140090000e+13 5.447077847800001e+30 1.011083650350860e+00 7.112135000000000e+36 
1.191841769384000e+13 5.458078553000001e+30 1.011084690580790e+00 7.144962999999999e+36 
1.197345909115000e+13 5.467461036200001e+30 1.011085573751369e+00 7.177943000000000e+36 
1.202875577110000e+13 5.476537499200001e+30 1.011086424125926e+00 7.211075000000000e+36 
1.208430488137000e+13 5.487675993600001e+30 1.011087462933828e+00 7.244360000000000e+36 
1.214011283968000e+13 5.496829362200001e+30 1.011088312717574e+00 7.277798000000001e+36 
1.219617732852000e+13 5.506017979200001e+30 1.011089161785802e+00 7.311391000000000e+36 
1.225249941751000e+13 5.517071557000001e+30 1.011090178533883e+00 7.345139000000000e+36 
1.230908391994000e+13 5.526107965000000e+30 1.011091005947655e+00 7.379042000000000e+36 
1.236592798349000e+13 5.535298184200000e+30 1.011091843513687e+00 7.413102000000001e+36 
1.242303356913000e+13 5.546151487000002e+30 1.011092828140272e+00 7.447320000000000e+36 
1.248040584669000e+13 5.555309662200001e+30 1.011093655198076e+00 7.481694999999999e+36 
1.253804178558000e+13 5.564270766800000e+30 1.011094460678804e+00 7.516229000000000e+36 
1.259594192061000e+13 5.575159318000000e+30 1.011095434947537e+00 7.550921999999999e+36 
1.265411106507000e+13 5.584208543600001e+30 1.011096240954533e+00 7.585775999999998e+36 
1.271255011031000e+13 5.593177659200002e+30 1.011097036093370e+00 7.620789999999999e+36 
1.277125531266000e+13 5.603986100400000e+30 1.011097989926959e+00 7.655966000000000e+36 
1.283023433773000e+13 5.612927978600001e+30 1.011098775443771e+00 7.691304000000000e+36 
1.288948504628000e+13 5.621911514000001e+30 1.011099560931165e+00 7.726806000000000e+36 
1.294900832966000e+13 5.632768021200001e+30 1.011100505863257e+00 7.762471000000000e+36 
1.300880739673000e+13 5.641604154200002e+30 1.011101271441235e+00 7.798300999999999e+36 
1.306888313884000e+13 5.650611722600001e+30 1.011102048225415e+00 7.834295999999999e+36 
1.312923341675000e+13 5.661271159200001e+30 1.011102963275296e+00 7.870458000000001e+36 
1.318986589607000e+13 5.670132927400000e+30 1.011103720538038e+00 7.906786000000001e+36 
1.325077665486000e+13 5.679041159400001e+30 1.011104478216629e+00 7.943281999999998e+36 
1.331196711928000e+13 5.689633303600001e+30 1.011105375012085e+00 7.979947000000000e+36 
1.337344299397000e+13 5.698525513600001e+30 1.011106124450706e+00 8.016781000000000e+36 
1.343520231796000e+13 5.707342420200001e+30 1.011106864102364e+00 8.053784000000000e+36 
1.349724526952000e+13 5.716082421200000e+30 1.011107593901003e+00 8.090958999999999e+36 
1.355957416616000e+13 5.726801139200000e+30 1.011108484848811e+00 8.128305000000000e+36 
1.362219203847000e+13 5.735529924800001e+30 1.011109207091723e+00 8.165824000000000e+36 
1.368510031261000e+13 5.744181804800001e+30 1.011109919619062e+00 8.203514999999999e+36 
1.374829453183000e+13 5.754847650200001e+30 1.011110794005959e+00 8.241381000000000e+36 
1.381178450098000e+13 5.763624501800000e+30 1.011111510260078e+00 8.279421999999999e+36 
1.387556790255000e+13 5.772327652200001e+30 1.011112217208033e+00 8.317638000000000e+36 
1.393964491481000e+13 5.780958703600000e+30 1.011112915045366e+00 8.356030000000000e+36 
1.400401464641000e+13 5.791648582000001e+30 1.011113775406983e+00 8.394600000000000e+36 
1.406868511950000e+13 5.800414218200001e+30 1.011114477689933e+00 8.433348000000000e+36 
1.413365401657000e+13 5.809109357600000e+30 1.011115171083497e+00 8.472274000000000e+36 
1.419892062454000e+13 5.818536702400000e+30 1.011115919408801e+00 8.511380000000000e+36 
1.426448886535000e+13 5.828189957400001e+30 1.011116682170637e+00 8.550667000000001e+36 
1.433036159132000e+13 5.836960400200001e+30 1.011117371997616e+00 8.590135000000001e+36 
1.439653808937000e+13 5.845665152800001e+30 1.011118053500054e+00 8.629785000000000e+36 
1.446301960739000e+13 5.854286591000001e+30 1.011118725349307e+00 8.669619000000000e+36 
1.452980774981000e+13 5.864809840600001e+30 1.011119541666458e+00 8.709636000000000e+36 
1.459690465587000e+13 5.873464925000000e+30 1.011120210009783e+00 8.749837999999998e+36 
1.466431210827000e+13 5.882054319200000e+30 1.011120870204383e+00 8.790225000000001e+36 
1.473202957220000e+13 5.890720619000001e+30 1.011121533220670e+00 8.830799000000000e+36 
1.480005847382000e+13 5.901303150000000e+30 1.011122339153072e+00 8.871560000000000e+36 
1.486840309161000e+13 5.909999891600001e+30 1.011122998455888e+00 8.912509000000000e+36 
1.493706306903000e+13 5.918634147400001e+30 1.011123649958849e+00 8.953648000000000e+36 
1.500603947570000e+13 5.929218280600000e+30 1.011124444953707e+00 8.994975999999999e+36 
1.507533498567000e+13 5.937889387000001e+30 1.011125093292105e+00 9.036495000000000e+36 
1.514495066856000e+13 5.946650216600001e+30 1.011125745304471e+00 9.078205000000000e+36 
1.521488688091000e+13 5.955207566800001e+30 1.011126379220270e+00 9.120107999999999e+36 
1.528514451407000e+13 5.965758053800000e+30 1.011127157221495e+00 9.162205000000000e+36 
1.535572962922000e+13 5.974512474600002e+30 1.011127799842231e+00 9.204495999999998e+36 
1.542664008712000e+13 5.983212420600001e+30 1.011128435501289e+00 9.246982000000000e+36 
1.549787713566000e+13 5.992162309800001e+30 1.011129086395081e+00 9.289663999999998e+36 
1.556944113138000e+13 6.002703183600001e+30 1.011129849506264e+00 9.332543000000000e+36 
1.564133777892000e+13 6.011415947200002e+30 1.011130477394160e+00 9.375620000000000e+36 
1.571356618693000e+13 6.020234456000001e+30 1.011131109957658e+00 9.418895999999999e+36 
1.578612849465000e+13 6.029006501000001e+30 1.011131736297132e+00 9.462372000000001e+36 
1.585902594997000e+13 6.037889097800000e+30 1.011132367591229e+00 9.506048000000000e+36 
1.593225677019000e+13 6.048562954200001e+30 1.011133122735636e+00 9.549926000000000e+36 
1.600582844265000e+13 6.057528865400000e+30 1.011133754158538e+00 9.594006000000000e+36 
1.607973882811000e+13 6.066456323800001e+30 1.011134379962141e+00 9.638290000000001e+36 
1.615399149197000e+13 6.075348533800001e+30 1.011135000403989e+00 9.682779000000001e+36 
1.622858554288000e+13 6.086229074000002e+30 1.011135756119600e+00 9.727471999999999e+36 
1.630352401143000e+13 6.095299128200001e+30 1.011136383220173e+00 9.772372000000001e+36 
1.637880957167000e+13 6.104258630600001e+30 1.011136999805623e+00 9.817479000000000e+36 
1.645444240187000e+13 6.113347911200002e+30 1.011137622421268e+00 9.862795000000000e+36 
1.653042321511000e+13 6.124395080200001e+30 1.011138375707454e+00 9.908319000000000e+36 
1.660675522025000e+13 6.133524415800001e+30 1.011138995385150e+00 9.954054000000000e+36 
1.668344109134000e+13 6.142709828400001e+30 1.011139615978556e+00 1.000000000000000e+37 
1.676048082838000e+13 6.151956124600000e+30 1.011140237791221e+00 1.004616000000000e+37 
1.683787710542000e+13 6.163126663000001e+30 1.011140985586879e+00 1.009253000000000e+37 
1.691562796149000e+13 6.172430638400001e+30 1.011141605589504e+00 1.013911000000000e+37 
1.699373072254000e+13 6.181885220600001e+30 1.011142232709544e+00 1.018591000000000e+37 
1.707220250249000e+13 6.191330189600000e+30 1.011142856290845e+00 1.023293000000000e+37 
1.715104098383000e+13 6.202744262400001e+30 1.011143606443162e+00 1.028016000000000e+37 
1.723023386593000e+13 6.212267739200001e+30 1.011144229489530e+00 1.032761000000000e+37 
1.730979576693000e+13 6.221956242600000e+30 1.011144860397014e+00 1.037528000000000e+37 
1.738972668683000e+13 6.231559829400000e+30 1.011145482901413e+00 1.042317000000000e+37 
1.747002626909000e+13 6.241334851600000e+30 1.011146113581047e+00 1.047129000000000e+37 
1.755070948839000e+13 6.253139861200002e+30 1.011146871765488e+00 1.051962000000000e+37 
1.763174710845000e+13 6.263023993219999e+30 1.011147503687466e+00 1.056818000000000e+37 
1.771317032652000e+13 6.273003776580001e+30 1.011148138768095e+00 1.061696000000000e+37 
1.779496256349000e+13 6.283084979200000e+30 1.011148777332121e+00 1.066596000000000e+37 
1.787712061050000e+13 6.295158998180001e+30 1.011149538639751e+00 1.071519000000000e+37 
1.795966853400000e+13 6.305374785600001e+30 1.011150179844277e+00 1.076465000000000e+37 
1.804260152070000e+13 6.315614445800001e+30 1.011150819569308e+00 1.081434000000000e+37 
1.812591957060000e+13 6.326055983200001e+30 1.011151468885436e+00 1.086426000000000e+37 
1.820962090100000e+13 6.338538883620000e+30 1.011152241608053e+00 1.091440000000000e+37 
1.829369481570000e+13 6.349145287400001e+30 1.011152895177214e+00 1.096478000000000e+37 
1.837816983790000e+13 6.359876983220001e+30 1.011153553405686e+00 1.101539000000000e+37 
1.846302992330000e+13 6.370651618000000e+30 1.011154211207560e+00 1.106624000000000e+37 
1.854829111620000e+13 6.383607007200001e+30 1.011154998539726e+00 1.111732000000000e+37 
1.863394093770000e+13 6.394665391600001e+30 1.011155667522785e+00 1.116863000000000e+37 
1.871997582240000e+13 6.405778250799999e+30 1.011156336687675e+00 1.122018000000000e+37 
1.880641359730000e+13 6.417129837800001e+30 1.011157017065567e+00 1.127197000000000e+37 
1.889325247970000e+13 6.430442517600000e+30 1.011157811345454e+00 1.132400000000000e+37 
1.898049425230000e+13 6.442023219200001e+30 1.011158499135618e+00 1.137627000000000e+37 
1.906813891510000e+13 6.453765743000000e+30 1.011159193311318e+00 1.142878000000000e+37 
1.915618646810000e+13 6.465583570200000e+30 1.011159888707036e+00 1.148154000000000e+37 
1.924465117290000e+13 6.479506688200001e+30 1.011160704245096e+00 1.153453000000000e+37 
1.933350450630000e+13 6.491590480600002e+30 1.011161408814266e+00 1.158777000000000e+37 
1.942277499150000e+13 6.503949851400001e+30 1.011162126118674e+00 1.164126000000000e+37 
1.951246619390000e+13 6.516403752000001e+30 1.011162845568717e+00 1.169499000000000e+37 
1.960255850380000e+13 6.530919684000001e+30 1.011163680310306e+00 1.174898000000000e+37 
1.969308757520000e+13 6.543774134600002e+30 1.011164416134050e+00 1.180321000000000e+37 
1.978401953680000e+13 6.556643005000001e+30 1.011165149356155e+00 1.185769000000000e+37 
1.987536865020000e+13 6.571710093800000e+30 1.011166003902572e+00 1.191242000000000e+37 
1.996713848080000e+13 6.585107690200000e+30 1.011166760293094e+00 1.196741000000000e+37 
2.005934507290000e+13 6.598631700180001e+30 1.011167520291606e+00 1.202264000000000e+37 
2.015195455520000e+13 6.612383543000001e+30 1.011168289522351e+00 1.207814000000000e+37 
2.024501506060000e+13 6.628195654800000e+30 1.011169169957284e+00 1.213389000000000e+37 
2.033849628320000e+13 6.642331865400001e+30 1.011169953478876e+00 1.218990000000000e+37 
2.043241248460000e+13 6.656714814800001e+30 1.011170746978350e+00 1.224616000000000e+37 
2.052674762050000e+13 6.672709577400001e+30 1.011171625358328e+00 1.230269000000000e+37 
2.062153734490000e+13 6.688007222780001e+30 1.011172461614143e+00 1.235947000000000e+37 
2.071674600380000e+13 6.703079118180001e+30 1.011173281734701e+00 1.241652000000000e+37 
2.081240746850000e+13 6.718325973820001e+30 1.011174107539222e+00 1.247384000000000e+37 
2.090851995630000e+13 6.735730672420001e+30 1.011175045906929e+00 1.253141000000000e+37 
2.100505316130000e+13 6.751553839400001e+30 1.011175895107394e+00 1.258925000000000e+37 
2.110203917210000e+13 6.767569430600001e+30 1.011176750665427e+00 1.264736000000000e+37 
2.119947798870000e+13 6.783990378400000e+30 1.011177623829012e+00 1.270574000000000e+37 
2.129736782840000e+13 6.802427054020001e+30 1.011178599694846e+00 1.276439000000000e+37 
2.139571225660000e+13 6.819278833400000e+30 1.011179487588703e+00 1.282331000000000e+37 
2.149451127330000e+13 6.836560002380000e+30 1.011180393885718e+00 1.288250000000000e+37 
2.159375953040000e+13 6.855900318800001e+30 1.011181403535411e+00 1.294196000000000e+37 
2.169346237600000e+13 6.873659103600001e+30 1.011182326380847e+00 1.300170000000000e+37 
2.179363585440000e+13 6.891664466980002e+30 1.011183257702075e+00 1.306171000000000e+37 
2.189425857320000e+13 6.911980683420000e+30 1.011184303743998e+00 1.312200000000000e+37 
2.199535370750000e+13 6.930719694180000e+30 1.011185264164791e+00 1.318257000000000e+37 
2.209691947460000e+13 6.949833940180001e+30 1.011186239279382e+00 1.324342000000000e+37 
2.219895230910000e+13 6.971096736380001e+30 1.011187319038644e+00 1.330454000000000e+37 
2.230143973210000e+13 6.990893679800001e+30 1.011188319757677e+00 1.336596000000000e+37 
2.240442987650000e+13 7.011094377620000e+30 1.011189336158888e+00 1.342765000000000e+37 
2.250787104400000e+13 7.033489769000001e+30 1.011190457829143e+00 1.348963000000000e+37 
2.261180245400000e+13 7.054427318600001e+30 1.011191501665370e+00 1.355189000000000e+37 
2.271619914870000e+13 7.077590324000001e+30 1.011192651146738e+00 1.361445000000000e+37 
2.282110213020000e+13 7.099194388800001e+30 1.011193718354292e+00 1.367729000000000e+37 
2.292647396180000e+13 7.121360825800000e+30 1.011194808274391e+00 1.374042000000000e+37 
2.303233068780000e+13 7.145800784600000e+30 1.011196004484149e+00 1.380384000000000e+37 
2.313867587360000e+13 7.168693018200001e+30 1.011197119808636e+00 1.386756000000000e+37 
2.324552378080000e+13 7.192178065800001e+30 1.011198258722830e+00 1.393157000000000e+37 
2.335285658240000e+13 7.217880558200001e+30 1.011199499465275e+00 1.399587000000000e+37 
2.346067784380000e+13 7.242266202420001e+30 1.011200671230647e+00 1.406048000000000e+37 
2.356901787090000e+13 7.268899252580000e+30 1.011201945107130e+00 1.412538000000000e+37 
2.367784457510000e+13 7.294228592600002e+30 1.011203151060248e+00 1.419058000000000e+37 
2.378717400070000e+13 7.321730355600000e+30 1.011204454426457e+00 1.425608000000000e+37 
2.389700793040000e+13 7.348160246800001e+30 1.011205701256892e+00 1.432188000000000e+37 
2.400734458150000e+13 7.374820694580001e+30 1.011206953151626e+00 1.438799000000000e+37 
2.411819999830000e+13 7.404153932400001e+30 1.011208324241629e+00 1.445440000000000e+37 
2.422955991920000e+13 7.431987350800001e+30 1.011209619251424e+00 1.452112000000000e+37 
2.434143860580000e+13 7.462307383600001e+30 1.011211023473828e+00 1.458814000000000e+37 
2.445382179650000e+13 7.491252889020001e+30 1.011212357877940e+00 1.465548000000000e+37 
2.456673979720000e+13 7.522721539000000e+30 1.011213801935325e+00 1.472313000000000e+37 
2.468018012900000e+13 7.552830081400001e+30 1.011215177230286e+00 1.479108000000000e+37 
2.479412139950000e+13 7.585500541600001e+30 1.011216662691253e+00 1.485936000000000e+37 
2.490861887240000e+13 7.616941954180002e+30 1.011218085703307e+00 1.492794000000000e+37 
2.502361728400000e+13 7.650754943200001e+30 1.011219609017714e+00 1.499685000000000e+37 
2.513917189800000e+13 7.683587225600000e+30 1.011221081355016e+00 1.506607000000000e+37 
2.525524349500000e+13 7.718712256200000e+30 1.011222649271492e+00 1.513561000000000e+37 
2.537185346740000e+13 7.752877408780001e+30 1.011224167333816e+00 1.520548000000000e+37 
2.548901607680000e+13 7.789375685000002e+30 1.011225781613617e+00 1.527566000000000e+37 
2.560670101730000e+13 7.824816349000000e+30 1.011227341913002e+00 1.534617000000000e+37 
2.572493681210000e+13 7.862746831800002e+30 1.011229004156201e+00 1.541700000000000e+37 
2.584371098230000e+13 7.899643895600001e+30 1.011230613681290e+00 1.548817000000000e+37 
2.596305383380000e+13 7.939187793800000e+30 1.011232330742152e+00 1.555966000000000e+37 
2.608293684340000e+13 7.977602141000002e+30 1.011233991091437e+00 1.563148000000000e+37 
2.620336892460000e+13 8.018708184200000e+30 1.011235759618605e+00 1.570363000000000e+37 
2.632435899090000e+13 8.058708869620000e+30 1.011237472683077e+00 1.577611000000000e+37 
2.644589991150000e+13 8.101324025000001e+30 1.011239289320413e+00 1.584893000000000e+37 
2.656801129610000e+13 8.144003428600001e+30 1.011241100354142e+00 1.592209000000000e+37 
2.669069314470000e+13 8.187293430620002e+30 1.011242928842060e+00 1.599558000000000e+37 
2.681392941300000e+13 8.232545807200001e+30 1.011244831446925e+00 1.606941000000000e+37 
2.693773614530000e+13 8.277000448400001e+30 1.011246691920346e+00 1.614359000000000e+37 
2.706212938590000e+13 8.323940101800002e+30 1.011248647354892e+00 1.621810000000000e+37 
2.718707526350000e+13 8.371752793980001e+30 1.011250630032639e+00 1.629296000000000e+37 
2.731261121480000e+13 8.418934539800002e+30 1.011252577543520e+00 1.636817000000000e+37 
2.743873189170000e+13 8.468791799400001e+30 1.011254626037268e+00 1.644372000000000e+37 
2.756542481530000e+13 8.517806301800000e+30 1.011256630650258e+00 1.651962000000000e+37 
2.769270246450000e+13 8.569666311400002e+30 1.011258741881362e+00 1.659587000000000e+37 
2.782056840470000e+13 8.622498696180000e+30 1.011260882830235e+00 1.667247000000000e+37 
2.794902085320000e+13 8.676446532600001e+30 1.011263058949678e+00 1.674943000000000e+37 
2.807807941970000e+13 8.729746920000000e+30 1.011265199062323e+00 1.682674000000000e+37 
2.820772271180000e+13 8.785742207800000e+30 1.011267437037575e+00 1.690441000000000e+37 
2.833797033920000e+13 8.842794947600000e+30 1.011269706823399e+00 1.698244000000000e+37 
2.846882586730001e+13 8.899504816600001e+30 1.011271952589146e+00 1.706082000000000e+37 
2.860026433830000e+13 8.958988093800000e+30 1.011274297351359e+00 1.713957000000000e+37 
2.873232497160000e+13 9.019594513200002e+30 1.011276675423388e+00 1.721869000000000e+37 
2.886500420180000e+13 9.081351312200002e+30 1.011279087511225e+00 1.729816000000000e+37 
2.899827528840000e+13 9.142723422980000e+30 1.011281473547866e+00 1.737801000000000e+37 
2.913218101620000e+13 9.206973245180001e+30 1.011283959975646e+00 1.745822000000000e+37 
2.926669107930000e+13 9.272570838020002e+30 1.011286486910218e+00 1.753881000000000e+37 
2.940183756630000e+13 9.339414301580001e+30 1.011289050006067e+00 1.761976000000000e+37 
2.953759017130001e+13 9.407783540200002e+30 1.011291659576335e+00 1.770109000000000e+37 
2.967398098290001e+13 9.475503887820001e+30 1.011294232490958e+00 1.778279000000000e+37 
2.981099039140000e+13 9.546494005200001e+30 1.011296917228795e+00 1.786488000000000e+37 
2.994865583350000e+13 9.618834937400000e+30 1.011299640496499e+00 1.794734000000000e+37 
3.008693987250000e+13 9.692553761600002e+30 1.011302402882622e+00 1.803018000000000e+37 
3.022586390080000e+13 9.767806051420001e+30 1.011305209774839e+00 1.811340000000000e+37 
3.036542435300000e+13 9.844492150020000e+30 1.011308057017990e+00 1.819701000000000e+37 
3.050564083880001e+13 9.921064332200001e+30 1.011310886956910e+00 1.828100000000000e+37 
3.064649374850000e+13 1.000083146140000e+31 1.011313821418206e+00 1.836538000000000e+37 
3.078800090910000e+13 1.008211891818000e+31 1.011316798080414e+00 1.845015000000000e+37 
3.093016232060000e+13 1.016521397700000e+31 1.011319826956558e+00 1.853532000000000e+37 
3.107299581000000e+13 1.024963373478000e+31 1.011322889979942e+00 1.862087000000000e+37 
3.121646750600000e+13 1.033592358040000e+31 1.011326006469019e+00 1.870682000000000e+37 
3.136060949720001e+13 1.042385712300000e+31 1.011329167733307e+00 1.879317000000000e+37 
3.150542178360000e+13 1.051346496460000e+31 1.011332374388088e+00 1.887991000000000e+37 
3.165089010360000e+13 1.060478059118000e+31 1.011335627141118e+00 1.896706000000000e+37 
3.179704654580000e+13 1.069809768600000e+31 1.011338935915937e+00 1.905461000000000e+37 
3.194387328320000e+13 1.079319001842000e+31 1.011342292145438e+00 1.914256000000000e+37 
3.209137209850000e+13 1.089008947222000e+31 1.011345696442784e+00 1.923092000000000e+37 
3.223955903600000e+13 1.098883273778000e+31 1.011349149578379e+00 1.931968000000000e+37 
3.238841626870000e+13 1.108945442262000e+31 1.011352652235920e+00 1.940886000000000e+37 
3.253797945060001e+13 1.119212003400000e+31 1.011356209622972e+00 1.949845000000000e+37 
3.268823253740001e+13 1.129673584322000e+31 1.011359817928737e+00 1.958845000000000e+37 
3.283917196370000e+13 1.140346944040000e+31 1.011363482364559e+00 1.967886000000000e+37 
3.299079951220000e+13 1.151222837860000e+31 1.011367199180242e+00 1.976970000000000e+37 
3.314314905420001e+13 1.162318072860000e+31 1.011370973524222e+00 1.986095000000000e+37 
3.329618315300000e+13 1.173768659798000e+31 1.011374850863437e+00 1.995262000000000e+37 
3.344992676640000e+13 1.185301151200000e+31 1.011378738005564e+00 2.004472000000000e+37 
3.360439059060000e+13 1.197038547960000e+31 1.011382676026358e+00 2.013724000000000e+37 
3.375956036400000e+13 1.209011147680000e+31 1.011386674502293e+00 2.023019000000000e+37 
3.391545213090000e+13 1.221223292322000e+31 1.011390734232535e+00 2.032357000000000e+37 
3.407206232590001e+13 1.233797181680000e+31 1.011394895022262e+00 2.041738000000000e+37 
3.422939807980000e+13 1.246487262582000e+31 1.011399074975689e+00 2.051162000000000e+37 
3.438745582720000e+13 1.259403221640000e+31 1.011403309775920e+00 2.060630000000000e+37 
3.454625161240000e+13 1.272562426702000e+31 1.011407604503781e+00 2.070141000000000e+37 
3.470576939110000e+13 1.285995896360000e+31 1.011411968590034e+00 2.079697000000000e+37 
3.486603946920000e+13 1.299825461902000e+31 1.011416440723883e+00 2.089296000000000e+37 
3.502703510620001e+13 1.313754828482000e+31 1.011420924441913e+00 2.098940000000000e+37 
3.518878482530000e+13 1.327972094380000e+31 1.011425479787484e+00 2.108628000000000e+37 
3.535127258220001e+13 1.342585456162000e+31 1.011430140542852e+00 2.118361000000000e+37 
3.551451620390001e+13 1.357339939720000e+31 1.011434824694475e+00 2.128139000000000e+37 
3.567851747310001e+13 1.372370482338000e+31 1.011439574545689e+00 2.137962000000000e+37 
3.584327104170000e+13 1.387830751018000e+31 1.011444437756980e+00 2.147830000000000e+37 
3.600878225780000e+13 1.403441177882000e+31 1.011449325650304e+00 2.157744000000000e+37 
3.617506716570000e+13 1.419342852662000e+31 1.011454281844607e+00 2.167704000000000e+37 
3.634212041730001e+13 1.435688641260000e+31 1.011459353059496e+00 2.177710000000000e+37 
3.650994914340001e+13 1.452201090702000e+31 1.011464452442238e+00 2.187762000000000e+37 
3.667854799590001e+13 1.469160826318000e+31 1.011469665891311e+00 2.197860000000000e+37 
3.684792232290001e+13 1.486298934860000e+31 1.011474909967068e+00 2.208005000000000e+37 
3.701808282060000e+13 1.503894615700000e+31 1.011480269317037e+00 2.218196000000000e+37 
3.718901879280000e+13 1.521686870458000e+31 1.011485663642132e+00 2.228435000000000e+37 
3.736075698000001e+13 1.539940751080000e+31 1.011491172497617e+00 2.238721000000000e+37 
3.753328846870000e+13 1.558403526538000e+31 1.011496718794384e+00 2.249055000000000e+37 
3.770662395510001e+13 1.577345087422000e+31 1.011502382776067e+00 2.259436000000000e+37 
3.788074917760001e+13 1.596501631502000e+31 1.011508084723714e+00 2.269865000000000e+37 
3.805568018050000e+13 1.616142344400000e+31 1.011513903916787e+00 2.280342000000000e+37 
3.823141696380001e+13 1.636145811400000e+31 1.011519803371456e+00 2.290868000000000e+37 
3.840797913720000e+13 1.656399221600000e+31 1.011525749088282e+00 2.301442000000000e+37 
3.858534530830001e+13 1.677146109400000e+31 1.011531811682912e+00 2.312065000000000e+37 
3.876353330410001e+13 1.698269514200000e+31 1.011537955955115e+00 2.322737000000000e+37 
3.894254847270000e+13 1.719666895200000e+31 1.011544151316333e+00 2.333458000000000e+37 
3.912238190060000e+13 1.741578582400000e+31 1.011550466434057e+00 2.344229000000000e+37 
3.930305676290001e+13 1.763886013000000e+31 1.011556866075552e+00 2.355049000000000e+37 
3.948455523260001e+13 1.786603606800000e+31 1.011563353448374e+00 2.365920000000000e+37 
3.966691296370001e+13 1.809619209800000e+31 1.011569895717580e+00 2.376840000000000e+37 
3.985009073680001e+13 1.833177958600000e+31 1.011576561603686e+00 2.387811000000000e+37 
4.003412598860001e+13 1.857154881600000e+31 1.011583314648054e+00 2.398833000000000e+37 
4.021901693640001e+13 1.881570807400000e+31 1.011590159739728e+00 2.409905000000000e+37 
4.040474753590001e+13 1.906430542600000e+31 1.011597097239474e+00 2.421029000000000e+37 
4.059135700650000e+13 1.931629944200000e+31 1.011604097211948e+00 2.432204000000000e+37 
4.077881860770000e+13 1.957398126800000e+31 1.011611222287680e+00 2.443431000000000e+37 
4.096715373190000e+13 1.983629345200000e+31 1.011618442076209e+00 2.454709000000000e+37 
4.115634633480000e+13 2.010334814800000e+31 1.011625758623841e+00 2.466039000000000e+37 
4.134641424340001e+13 2.037525751000000e+31 1.011633173949646e+00 2.477422000000000e+37 
4.153737171930001e+13 2.065200551600000e+31 1.011640686554956e+00 2.488857000000000e+37 
4.172920271820000e+13 2.093376840800000e+31 1.011648300151499e+00 2.500345000000000e+37 
4.192192328440001e+13 2.122053016400001e+31 1.011656013222461e+00 2.511886000000000e+37 
4.211553520060000e+13 2.151246702600000e+31 1.011663829411265e+00 2.523481000000000e+37 
4.231005629380001e+13 2.180959501600000e+31 1.011671748033187e+00 2.535129000000000e+37 
4.250546695430001e+13 2.211205833200000e+31 1.011679771806700e+00 2.546830000000000e+37 
4.270176718210001e+13 2.241987299600000e+31 1.011687900023989e+00 2.558586000000000e+37 
4.289899441390001e+13 2.273321525000000e+31 1.011696136187844e+00 2.570396000000000e+37 
4.309712725730001e+13 2.305208509400000e+31 1.011704479133224e+00 2.582260000000000e+37 
4.329616749500001e+13 2.337665877000000e+31 1.011712932296520e+00 2.594179000000000e+37 
4.349613295400001e+13 2.370700036600000e+31 1.011721496146963e+00 2.606154000000000e+37 
4.369703789590001e+13 2.404405518000000e+31 1.011730193888630e+00 2.618183000000000e+37 
4.389885201480001e+13 2.438618896800000e+31 1.011738982132850e+00 2.630268000000000e+37 
4.410160918200000e+13 2.473434702800000e+31 1.011747884027174e+00 2.642409000000000e+37 
4.430530583210001e+13 2.508859344800000e+31 1.011756899974842e+00 2.654606000000000e+37 
4.450994553050000e+13 2.544918458000001e+31 1.011766035230785e+00 2.666859000000000e+37 
4.471552292910001e+13 2.581685743600000e+31 1.011775307103216e+00 2.679168000000000e+37 
4.492204515870001e+13 2.619015401400001e+31 1.011784677546023e+00 2.691535000000000e+37 
4.512954252520001e+13 2.657003563400001e+31 1.011794169465295e+00 2.703958000000000e+37 
4.533797759190000e+13 2.695727135200000e+31 1.011803800685943e+00 2.716439000000000e+37 
4.554739136090001e+13 2.735054736400001e+31 1.011813537201897e+00 2.728978000000000e+37 
4.575778204950000e+13 2.775068079200000e+31 1.011823397966062e+00 2.741574000000000e+37 
4.596912648260000e+13 2.815850478000001e+31 1.011833402079995e+00 2.754229000000000e+37 
4.618146566230000e+13 2.857275359000000e+31 1.011843517109213e+00 2.766942000000000e+37 
4.639477819620001e+13 2.899485318000000e+31 1.011853776480542e+00 2.779713000000000e+37 
4.660906943240001e+13 2.942360190000000e+31 1.011864149586091e+00 2.792544000000000e+37 
4.682436967680000e+13 2.985992902600000e+31 1.011874657535833e+00 2.805434000000000e+37 
4.704065931970001e+13 3.030405886600000e+31 1.011885304251276e+00 2.818383000000000e+37 
4.725794192650000e+13 3.075607153000000e+31 1.011896090153143e+00 2.831392000000000e+37 
4.747623532420001e+13 3.121527807200000e+31 1.011906997368310e+00 2.844461000000000e+37 
4.769553594740001e+13 3.168296025200000e+31 1.011918054860494e+00 2.857591000000000e+37 
4.791586518850000e+13 3.215809266200000e+31 1.011929236884452e+00 2.870781000000000e+37 
4.813720165510001e+13 3.264197308400001e+31 1.011940572464664e+00 2.884032000000000e+37 
4.835956673960001e+13 3.313356008800000e+31 1.011952035670180e+00 2.897344000000000e+37 
4.858295509390001e+13 3.363415145600001e+31 1.011963655210150e+00 2.910717000000000e+37 
4.880737028340000e+13 3.414325050600000e+31 1.011975417938928e+00 2.924152000000000e+37 
4.903283013510000e+13 3.466056884200000e+31 1.011987315656165e+00 2.937650000000000e+37 
4.925934891060001e+13 3.518713187200000e+31 1.011999374849488e+00 4.000000000000000e+37 
6.713300216960001e+13 3.584435751640000e+31 1.012012224555473e+00 5.000000000000000e+37 
8.393400483860000e+13 1.047116047580000e+32 1.013015097863107e+00 5.999999999999999e+37 
1.007563909941000e+14 2.330211961940000e+32 1.014571352702919e+00 7.000000000000000e+37 
1.176083164886000e+14 4.351656111100000e+32 1.016649905429992e+00 8.000000000000001e+37 
1.344992545899000e+14 7.270423105000001e+32 1.019253647842331e+00 8.999999999999999e+37 
1.514377872158000e+14 1.121900190582000e+33 1.022363650917957e+00 1.000000000000000e+38 
1.684316887210000e+14 1.631137814860000e+33 1.025953755137570e+00 1.100000000000000e+38 
1.854895249790000e+14 2.267053077720000e+33 1.030011064439671e+00 1.200000000000000e+38 
2.026180631190000e+14 3.038601139600000e+33 1.034506543191545e+00 1.300000000000000e+38 
2.198250222320000e+14 3.955863363340001e+33 1.039424250555360e+00 1.400000000000000e+38 
2.371166595950000e+14 5.020839134320000e+33 1.044711976252110e+00 1.500000000000000e+38 
2.544979132870000e+14 6.212623587820001e+33 1.050221681052448e+00 1.600000000000000e+38 
2.719727230750000e+14 7.549474914380002e+33 1.056003318012310e+00 1.700000000000000e+38 
2.895460270380000e+14 9.041664657980001e+33 1.062065808700574e+00 1.800000000000000e+38 
3.072221036560000e+14 1.069554345876000e+34 1.068401429489123e+00 1.900000000000000e+38 
3.250054988140000e+14 1.251658074686000e+34 1.075000487280598e+00 2.000000000000000e+38 
3.429004375110001e+14 1.450913642892000e+34 1.081850959529461e+00 2.100000000000000e+38 
3.609112338810001e+14 1.667716361300000e+34 1.088941250608064e+00 2.200000000000000e+38 
3.790414889780001e+14 1.902336921600000e+34 1.096257494798245e+00 2.300000000000000e+38 
3.972949286450001e+14 2.155025811740000e+34 1.103787071354920e+00 2.400000000000000e+38 
4.156749934930001e+14 2.425969527800000e+34 1.111517145800291e+00 2.500000000000000e+38 
4.341848567280001e+14 2.715300571720000e+34 1.119434976022079e+00 2.600000000000000e+38 
4.528277093830001e+14 3.023132058820001e+34 1.127528809340761e+00 2.700000000000000e+38 
4.716061542000001e+14 3.349495071780000e+34 1.135786147876191e+00 2.800000000000000e+38 
4.905229008830001e+14 3.694414604920000e+34 1.144195708291139e+00 2.899999999999999e+38 
5.095803917310001e+14 4.057879442840000e+34 1.152746543357794e+00 3.000000000000000e+38 
5.287809264270001e+14 4.439845845480001e+34 1.161428079261430e+00 3.100000000000000e+38 
5.481265194220000e+14 4.840243476260001e+34 1.170230197593365e+00 3.200000000000000e+38 
5.676191138590001e+14 5.258979728020000e+34 1.179143269778383e+00 3.300000000000000e+38 
5.872603854760000e+14 5.695944529620000e+34 1.188158196152005e+00 3.400000000000000e+38 
6.070521526270000e+14 6.151018196720001e+34 1.197266499014982e+00 3.499999999999999e+38 
6.269956632020000e+14 6.624053006480000e+34 1.206459893071465e+00 3.600000000000000e+38 
6.470924859770000e+14 7.114904120020002e+34 1.215730847752155e+00 3.699999999999999e+38 
6.673437083990001e+14 7.623404908540002e+34 1.225072050696298e+00 3.800000000000001e+38 
6.877504357420000e+14 8.149386820600001e+34 1.234476741011999e+00 3.900000000000000e+38 
7.083137376260000e+14 8.692675857280001e+34 1.243938589481634e+00 4.000000000000000e+38 
7.290345054010001e+14 9.253090168880001e+34 1.253451613918498e+00 4.100000000000000e+38 
7.499135056280000e+14 9.830446463720001e+34 1.263010251668954e+00 4.200000000000000e+38 
7.709514335600001e+14 1.042455840594000e+35 1.272609293463823e+00 4.300000000000000e+38 
7.921489844500001e+14 1.103523661550000e+35 1.282243849380492e+00 4.400000000000000e+38 
8.135066574540001e+14 1.166229411566000e+35 1.291909403728803e+00 4.500000000000000e+38 
8.350249517280001e+14 1.230554296836000e+35 1.301601731058681e+00 4.600000000000000e+38 
8.567042772930001e+14 1.296479507532000e+35 1.311316982510280e+00 4.700000000000000e+38 
8.785446519760001e+14 1.386630382778000e+35 1.320952100178733e+00 4.800000000000000e+38 
1.053886246340000e+15 1.386630382778000e+35 1.326801502028387e+00 5.600000000000000e+38 
1.075966483308000e+15 1.478851428600000e+35 1.335433563141085e+00 5.699999999999999e+38 
1.098190601993000e+15 1.552198638532000e+35 1.344141220013512e+00 5.799999999999999e+38 
1.120559672015000e+15 1.627386584000000e+35 1.352912172961635e+00 5.900000000000000e+38 
1.143074762994000e+15 1.704418918020000e+35 1.361744676769743e+00 6.000000000000000e+38 
1.165736926723000e+15 1.783299389740000e+35 1.370637084772637e+00 6.100000000000000e+38 
1.188547018898000e+15 1.864031203560000e+35 1.379587771882580e+00 6.200000000000000e+38 
1.211506020004000e+15 1.946617403660000e+35 1.388595175103452e+00 6.300000000000000e+38 
1.234614999661000e+15 2.031061835320000e+35 1.397657891904070e+00 6.400000000000000e+38 
1.257874653122000e+15 2.117366581400000e+35 1.406774400074451e+00 6.500000000000000e+38 
1.281286067834000e+15 2.205535487180000e+35 1.415943431502288e+00 6.600000000000001e+38 
1.304849921223000e+15 2.295570475300000e+35 1.425163579220418e+00 6.700000000000000e+38 
1.328567193774000e+15 2.387474589940000e+35 1.434433612934053e+00 6.800000000000000e+38 
1.352438616394000e+15 2.481250234400000e+35 1.443752293216037e+00 6.899999999999999e+38 
1.376464991298000e+15 2.576899491540000e+35 1.453118403748068e+00 6.999999999999999e+38 
1.400647120701000e+15 2.674425245320000e+35 1.462530857971068e+00 7.100000000000000e+38 
1.424985806818000e+15 2.773829418380000e+35 1.471988523928430e+00 7.199999999999999e+38 
1.449481709248000e+15 2.875113933360000e+35 1.481490317241917e+00 7.299999999999999e+38 
1.474135594552000e+15 2.978280552680001e+35 1.491035183659606e+00 7.399999999999999e+38 
1.498948122329000e+15 3.083331679640001e+35 1.500622170504188e+00 7.500000000000000e+38 
1.523920041313000e+15 3.190268596000000e+35 1.510250262468014e+00 7.600000000000001e+38 
1.549052011103000e+15 3.299093064180001e+35 1.519918527110527e+00 7.700000000000001e+38 
1.574344691298000e+15 3.409806686380000e+35 1.529626054591903e+00 7.800000000000000e+38 
1.599798723670000e+15 3.522410904580000e+35 1.539371956414413e+00 7.900000000000000e+38 
1.625414714337000e+15 3.636907160760001e+35 1.549155378105977e+00 8.000000000000000e+38 
1.651193287244000e+15 3.753296736680000e+35 1.558975483985744e+00 8.100000000000001e+38 
1.677135066336000e+15 3.871580433440001e+35 1.568831429333875e+00 8.199999999999999e+38 
1.703240604250000e+15 3.991759853240000e+35 1.578722466498701e+00 8.299999999999999e+38 
1.729510542758000e+15 4.113836277840001e+35 1.588647848954555e+00 8.400000000000000e+38 
1.755945381016000e+15 4.237810027680000e+35 1.598606779728983e+00 8.500000000000000e+38 
1.782545671661000e+15 4.363681903860001e+35 1.608598528413731e+00 8.599999999999999e+38 
1.809311967330000e+15 4.491453027920000e+35 1.618622415343073e+00 8.699999999999999e+38 
1.836244820660000e+15 4.621124521400001e+35 1.628677784398997e+00 8.800000000000000e+38 
1.863344712980000e+15 4.752695903640001e+35 1.638763879090428e+00 8.900000000000000e+38 
1.890612179100000e+15 4.886168776840001e+35 1.648880126457279e+00 9.000000000000000e+38 
1.918047753830000e+15 5.021543141000001e+35 1.659025852540486e+00 9.099999999999999e+38 
1.945651793710000e+15 5.158819476780001e+35 1.669200441504466e+00 9.200000000000000e+38 
1.973424833550000e+15 5.297998104620001e+35 1.679403286141507e+00 9.300000000000000e+38 
2.001367408160000e+15 5.439079344960001e+35 1.689633798605222e+00 9.400000000000000e+38 
2.029479874080000e+15 5.582063678460001e+35 1.699891421511490e+00 9.500000000000000e+38 
2.057762766120000e+15 5.726950784680001e+35 1.710175558286899e+00 9.599999999999999e+38 
2.086216262550000e+15 5.873740823840001e+35 1.720485665219396e+00 9.699999999999999e+38 
2.114841254720000e+15 6.022434436820001e+35 1.730821248499287e+00 9.800000000000000e+38 
2.143637742630000e+15 6.173030822520001e+35 1.741181730169961e+00 9.899999999999998e+38 
2.172606261090000e+15 6.325530301380000e+35 1.751566626901571e+00 9.999999999999999e+38 
2.201747344910000e+15 6.479932552960001e+35 1.761975426175735e+00 1.010000000000000e+39 
2.231061350630000e+15 6.636237737480000e+35 1.772407662657061e+00 1.020000000000000e+39 
2.260548456520000e+15 6.794445214060000e+35 1.782862832327129e+00 1.030000000000000e+39 
2.290209197390000e+15 6.954554822480001e+35 1.793340477458190e+00 1.040000000000000e+39 
2.320043929780000e+15 7.116565601420000e+35 1.803840101329234e+00 1.050000000000000e+39 
2.350053010230000e+15 7.280478672420000e+35 1.814361355301444e+00 1.060000000000000e+39 
2.380236795280000e+15 7.446291471960002e+35 1.824903666318310e+00 1.070000000000000e+39 
2.410595819740000e+15 7.614006243120001e+35 1.835466782934216e+00 1.080000000000000e+39 
2.441129905340000e+15 7.783492727040000e+35 1.846042197079103e+00 1.090000000000000e+39 
2.471839586890000e+15 7.954476466860000e+35 1.856612706702019e+00 1.100000000000000e+39 
2.502724507850000e+15 8.127164306600001e+35 1.867191063966956e+00 1.110000000000000e+39 
2.533785024760000e+15 8.301616969640000e+35 1.877780817412876e+00 1.120000000000000e+39 
2.565021315890000e+15 8.477862814920003e+35 1.888383469597246e+00 1.130000000000000e+39 
2.596433559510000e+15 8.655918665540001e+35 1.898999794693127e+00 1.140000000000000e+39 
2.628022112160000e+15 8.835797178880001e+35 1.909630299921732e+00 1.150000000000000e+39 
2.659787152110000e+15 9.017506205720000e+35 1.920275197461172e+00 1.160000000000000e+39 
2.691728857630000e+15 9.201051674200001e+35 1.930934582433425e+00 1.170000000000000e+39 
2.723847406990000e+15 9.386438551140000e+35 1.941608492360945e+00 1.180000000000000e+39 
2.756143156730000e+15 9.573669720500001e+35 1.952296844758367e+00 1.190000000000000e+39 
2.788616285120000e+15 9.762749508220001e+35 1.962999640793445e+00 1.200000000000000e+39 
2.821267148700000e+15 9.953679035840001e+35 1.973716701686522e+00 1.210000000000000e+39 
2.854095925740000e+15 1.014645958512000e+36 1.984447861841124e+00 1.220000000000000e+39 
2.887102794510000e+15 1.034109339914000e+36 1.995193013045624e+00 1.230000000000000e+39 
2.920288111550000e+15 1.053758111878000e+36 2.005951961901889e+00 1.240000000000000e+39 
2.953651876860000e+15 1.073592290426000e+36 2.016724493740391e+00 1.250000000000000e+39 
2.987194625250000e+15 1.093611907602000e+36 2.027510407520944e+00 1.260000000000000e+39 
3.020916000180000e+15 1.113817011472000e+36 2.038309516014430e+00 1.270000000000000e+39 
3.054817071270000e+15 1.134207602036000e+36 2.049121610521850e+00 1.280000000000000e+39 
3.088897303710000e+15 1.154783727360000e+36 2.059946512415385e+00 1.290000000000000e+39 
3.123157410580000e+15 1.175545211202000e+36 2.070783930489200e+00 1.300000000000000e+39 
3.157597213610000e+15 1.196492197760000e+36 2.081633746057957e+00 1.310000000000000e+39 
3.192217069340000e+15 1.217624478748000e+36 2.092495662368717e+00 1.320000000000000e+39 
3.227017156040000e+15 1.238942022122000e+36 2.103369479097535e+00 1.330000000000000e+39 
3.261998008520000e+15 1.260444811860000e+36 2.114255008170591e+00 1.340000000000000e+39 
3.297159270240000e+15 1.282132719786000e+36 2.125152009675860e+00 1.350000000000000e+39 
3.332501476010000e+15 1.304005681812000e+36 2.136060281307113e+00 1.360000000000000e+39 
3.368024982370000e+15 1.326063601806000e+36 2.146979608617427e+00 1.370000000000000e+39 
3.403729076240000e+15 1.348306319548000e+36 2.157909751360533e+00 1.380000000000000e+39 
3.439615183780000e+15 1.370733963214000e+36 2.168850614807699e+00 1.390000000000000e+39 
3.475682591910000e+15 1.393346100210000e+36 2.179801834162708e+00 1.400000000000000e+39 
3.511931657170000e+15 1.416142810646000e+36 2.190763299913112e+00 1.410000000000000e+39 
3.548362736100000e+15 1.439123966346000e+36 2.201734804998981e+00 1.420000000000000e+39 
3.584975828700000e+15 1.462289359024000e+36 2.212716108728118e+00 1.430000000000000e+39 
3.621771291510000e+15 1.485638940614000e+36 2.223707050858071e+00 1.440000000000000e+39 
3.658749124530000e+15 1.509172614984000e+36 2.234707452007137e+00 1.450000000000000e+39 
3.695909506030000e+15 1.532890205892000e+36 2.245717099502036e+00 1.460000000000000e+39 
3.733252614280000e+15 1.556791489030000e+36 2.256735762761313e+00 1.470000000000000e+39 
3.770778271010000e+15 1.580876448376000e+36 2.267763311682969e+00 1.480000000000000e+39 
3.808487367570000e+15 1.605145003820000e+36 2.278799589224227e+00 1.490000000000000e+39 
3.846379369150000e+15 1.629596818900000e+36 2.289844325601625e+00 1.500000000000000e+39 
3.884454632290000e+15 1.654231765440000e+36 2.300897350417514e+00 1.510000000000000e+39 
3.922713513530000e+15 1.679049843440000e+36 2.311958553291427e+00 1.520000000000000e+39 
3.961155656330000e+15 1.704050892680000e+36 2.323027755420918e+00 1.530000000000000e+39 
3.999781417230000e+15 1.729234752940000e+36 2.334104781828606e+00 1.540000000000000e+39 
4.038591152770001e+15 1.754601103780000e+36 2.345189390377644e+00 1.550000000000000e+39 
4.077584862950000e+15 1.780150105420000e+36 2.356281559438312e+00 3.405118471215247e-18 
