        487
1.1536976087E+01 1.2098201481E+12 1.0000000001E+00 6.8880405327E+24
1.6310897121E+01 1.3997858288E+13 1.0000000012E+00 9.7382641367E+24
4.4854967018E+01 1.6997515294E+14 1.0000000085E+00 2.6780226230E+25
2.1084817439E+02 5.8191076037E+15 1.0000000934E+00 1.2588486528E+26
1.1437519101E+03 1.8996571468E+17 1.0000006689E+00 6.8286573916E+26
1.0383278518E+04 9.7424910085E+18 1.0000058271E+00 6.1992068520E+27
2.6077543125E+04 4.9672473973E+19 1.0000088183E+00 1.5569241837E+28
6.5512117918E+04 2.4306169744E+20 1.0000145863E+00 3.9112970422E+28
1.6450136184E+05 1.1508245986E+21 1.0000253651E+00 9.8212228144E+28
4.1334199901E+05 5.2652642564E+21 1.0000448179E+00 2.4677430003E+29
1.0383277682E+06 2.3176315914E+22 1.0000785227E+00 6.1989032093E+29
2.6077543921E+06 9.7535752374E+22 1.0001342315E+00 1.5567904834E+30
6.5522066570E+06 3.9103331042E+23 1.0002217759E+00 3.9113242465E+30
8.2479430108E+06 5.2582920538E+23 1.0002423163E+00 4.9235112504E+30
1.6460080918E+07 1.4347899327E+24 1.0003343665E+00 9.8250008644E+30
3.2840598038E+07 3.8323873298E+24 1.0004560522E+00 1.9600769848E+31
6.5532012836E+07 1.0058563942E+25 1.0006144429E+00 3.9107909835E+31
1.3078554874E+08 2.6036706714E+25 1.0008181613E+00 7.8037701783E+31
2.6097433667E+08 6.6750791928E+25 1.0010783222E+00 1.5568867571E+32
3.2860490569E+08 8.7367060759E+25 1.0011572388E+00 1.9602159011E+32
5.2085464182E+08 1.6287601409E+26 1.0013659230E+00 3.1065511793E+32
8.2558994662E+08 3.0286176225E+26 1.0016100436E+00 4.9231906658E+32
1.0393223550E+09 4.1284376881E+26 1.0017431926E+00 6.1971138349E+32
1.3088499767E+09 5.0351817145E+26 1.0018303871E+00 7.8034243819E+32
1.6479972852E+09 6.8590385588E+26 1.0019696815E+00 9.8244146478E+32
2.6117326794E+09 1.2718012841E+27 1.0022927967E+00 1.5565857782E+33
4.1413762665E+09 2.3557105261E+27 1.0026700019E+00 2.4675453812E+33
6.5651361059E+09 4.3613807817E+27 1.0031103625E+00 3.9103858594E+33
8.2668398012E+09 5.6610709584E+27 1.0033084470E+00 4.9231099218E+33
1.0403169437E+10 7.7008868611E+27 1.0035554511E+00 6.1942046695E+33
1.3108391542E+10 1.0478505656E+28 1.0038226266E+00 7.8033704742E+33
1.6499864846E+10 1.4247786096E+28 1.0041105584E+00 9.8201838233E+33
2.0786447577E+10 1.9377359563E+28 1.0044218129E+00 1.2368529462E+34
2.6167053944E+10 2.5026631570E+28 1.0046940665E+00 1.5566343374E+34
3.2950000394E+10 3.4035075559E+28 1.0050389807E+00 1.9596344401E+34
4.1493329606E+10 4.6272185483E+28 1.0054111550E+00 2.4670436003E+34
5.2254542340E+10 5.9481826134E+28 1.0057302704E+00 3.1059605233E+34
6.5810492554E+10 8.0877548418E+28 1.0061408135E+00 3.9105110696E+34
8.2867314966E+10 1.0998380790E+29 1.0065844455E+00 4.9224081465E+34
1.0433006801E+11 1.4947687094E+29 1.0070626860E+00 6.1951019406E+34
1.3148174038E+11 2.0326652296E+29 1.0075800188E+00 7.8043366775E+34
1.6549592672E+11 2.5966986297E+29 1.0080108683E+00 9.8193631870E+34
1.8339812481E+11 2.8914974777E+29 1.0082005880E+00 1.0879597561E+35
2.0846121987E+11 3.2894493476E+29 1.0084289921E+00 1.2363615393E+35
2.6256564764E+11 4.4723997175E+29 1.0089992314E+00 1.5565858537E+35
3.3069349214E+11 5.8151744412E+29 1.0095133697E+00 1.9595943243E+35
4.2756430923E+11 7.8038609656E+29 1.0101113164E+00 2.5323106439E+35
4.4357682588E+11 7.8887789247E+29 1.0101331915E+00 2.6269538123E+35
5.1995956744E+11 8.3507324678E+29 1.0102414441E+00 3.0783887731E+35
6.5740870287E+11 9.0965786715E+29 1.0103855937E+00 3.8906316971E+35
7.9207305703E+11 9.8295544753E+29 1.0105001200E+00 4.6863187868E+35
9.6751461705E+11 1.0828366741E+30 1.0106288832E+00 5.7228189782E+35
1.1895019483E+12 1.2178113560E+30 1.0107709570E+00 7.0341324431E+35
1.4630078833E+12 1.3987847510E+30 1.0109259082E+00 8.6495358087E+35
6.7058873287E+12 9.2907544417E+30 1.0146240881E+00 3.9520620050E+36
1.3423626354E+13 1.8676486408E+31 1.0158076538E+00 7.9019424795E+36
2.0148832547E+13 3.3405553779E+31 1.0168396451E+00 1.1852269740E+37
2.6880291463E+13 5.1526564629E+31 1.0177284007E+00 1.5802691795E+37
3.3617219502E+13 7.2330469733E+31 1.0185155179E+00 1.9753146525E+37
3.9253579511E+13 9.1973231532E+31 1.0191288010E+00 2.3056035080E+37
4.0031110599E+13 9.4992540360E+31 1.0192149516E+00 2.3511519842E+37
4.0865926610E+13 9.8110967438E+31 1.0193021624E+00 2.4000521030E+37
4.1762367161E+13 1.0133176663E+32 1.0193903549E+00 2.4525574167E+37
4.2724173352E+13 1.0465829863E+32 1.0194794455E+00 2.5088863538E+37
4.3754353017E+13 1.0809403444E+32 1.0195693481E+00 2.5692143393E+37
4.4855102745E+13 1.1164255901E+32 1.0196599762E+00 2.6336692449E+37
4.6027764946E+13 1.1530757500E+32 1.0197512455E+00 2.7023288922E+37
4.7272813344E+13 1.1909290660E+32 1.0198430761E+00 2.7752202224E+37
4.8589952919E+13 1.2300250353E+32 1.0199353942E+00 2.8523251657E+37
4.9978238745E+13 1.2704044521E+32 1.0200281341E+00 2.9335876146E+37
5.1436248022E+13 1.3121094494E+32 1.0201212384E+00 3.0189235068E+37
5.2962319289E+13 1.3551835437E+32 1.0202146588E+00 3.1082348357E+37
5.4554773122E+13 1.3996716797E+32 1.0203083558E+00 3.2014225705E+37
5.6212155742E+13 1.4456202779E+32 1.0204022979E+00 3.2984009106E+37
5.7933480063E+13 1.4930772825E+32 1.0204964603E+00 3.3991113843E+37
5.9718425779E+13 1.5420922115E+32 1.0205908239E+00 3.5035345436E+37
6.1567470586E+13 1.5927162089E+32 1.0206853737E+00 3.6116976258E+37
6.3482087786E+13 1.6450020972E+32 1.0207800967E+00 3.7236860945E+37
6.5464805876E+13 1.6990044332E+32 1.0208749809E+00 3.8396471027E+37
6.7519217949E+13 1.7547795647E+32 1.0209700136E+00 3.9597900202E+37
6.9650052435E+13 1.8123856892E+32 1.0210651800E+00 4.0843905466E+37
7.1863107001E+13 1.8718829149E+32 1.0211604623E+00 4.2137868227E+37
7.4165187253E+13 1.9333333230E+32 1.0212558388E+00 4.3483758234E+37
7.6564023038E+13 1.9968010328E+32 1.0213512832E+00 4.4886084444E+37
7.9068154410E+13 2.0623522686E+32 1.0214467648E+00 4.6349828167E+37
8.1686770215E+13 2.1300554286E+32 1.0215422478E+00 4.7880348560E+37
8.4429502997E+13 2.1999811565E+32 1.0216376923E+00 4.9483262640E+37
8.7306182838E+13 2.2722024149E+32 1.0217330543E+00 5.1164301357E+37
9.0326608386E+13 2.3467945620E+32 1.0218282872E+00 5.2929175783E+37
9.3500221355E+13 2.4238354294E+32 1.0219233425E+00 5.4783386959E+37
9.6835707748E+13 2.5034054041E+32 1.0220181712E+00 5.6731993038E+37
1.0034072729E+14 2.5855875120E+32 1.0221127255E+00 5.8779451416E+37
1.0402146192E+14 2.6704675045E+32 1.0222069604E+00 6.0929355246E+37
1.0788217632E+14 2.7581339481E+32 1.0223008355E+00 6.3184177114E+37
1.1192482768E+14 2.8486783167E+32 1.0223943164E+00 6.5545041570E+37
1.1614872701E+14 2.9421950872E+32 1.0224873769E+00 6.8011527850E+37
1.2055034231E+14 3.0387818381E+32 1.0225799997E+00 7.0581555484E+37
1.2512293917E+14 3.1385393510E+32 1.0226721783E+00 7.3251175089E+37
1.2985638764E+14 3.2415717161E+32 1.0227639176E+00 7.6014456237E+37
1.3473736164E+14 3.3479864406E+32 1.0228552346E+00 7.8863604522E+37
1.3974932621E+14 3.4578945611E+32 1.0229461586E+00 8.1788954743E+37
1.4487278489E+14 3.5714107593E+32 1.0230367316E+00 8.4779115877E+37
1.5008585284E+14 3.6886534815E+32 1.0231270075E+00 8.7821306058E+37
1.5536453011E+14 3.8097450625E+32 1.0232170516E+00 9.0901512489E+37
1.6068339946E+14 3.9348118532E+32 1.0233069403E+00 9.4004898930E+37
1.6601628707E+14 4.0639843523E+32 1.0233967595E+00 9.7116191433E+37
1.7133689388E+14 4.1973973424E+32 1.0234866040E+00 1.0022004673E+38
1.7661964435E+14 4.3351900310E+32 1.0235765761E+00 1.0330154734E+38
1.8184004243E+14 4.4775061953E+32 1.0236667846E+00 1.0634640902E+38
1.8697538149E+14 4.6244943326E+32 1.0237573439E+00 1.0934139460E+38
1.9200529594E+14 4.7763078150E+32 1.0238483725E+00 1.1227463533E+38
1.9691192919E+14 4.9331050495E+32 1.0239399923E+00 1.1513572835E+38
2.0168030125E+14 5.0950496433E+32 1.0240323278E+00 1.1791595060E+38
2.0629840937E+14 5.2623105747E+32 1.0241255050E+00 1.2060831692E+38
2.1075720292E+14 5.4350623689E+32 1.0242196511E+00 1.2320756486E+38
2.1505053924E+14 5.6134852809E+32 1.0243148937E+00 1.2571012840E+38
2.1917497449E+14 5.7977654827E+32 1.0244113604E+00 1.2811401546E+38
2.2312956987E+14 5.9880952581E+32 1.0245091783E+00 1.3041869448E+38
2.2691566521E+14 6.1846732034E+32 1.0246084739E+00 1.3262496201E+38
2.3053647620E+14 6.3877044342E+32 1.0247093728E+00 1.3473470746E+38
2.3399686814E+14 6.5974007998E+32 1.0248119995E+00 1.3675078103E+38
2.3730308180E+14 6.8139811042E+32 1.0249164776E+00 1.3867683353E+38
2.4046240686E+14 7.0376713340E+32 1.0250229293E+00 1.4051712594E+38
2.4348287698E+14 7.2687048949E+32 1.0251314755E+00 1.4227635150E+38
2.4637306210E+14 7.5073228546E+32 1.0252422364E+00 1.4395951458E+38
2.4914195479E+14 7.7537741948E+32 1.0253553309E+00 1.4557186431E+38
2.5179868230E+14 8.0083160706E+32 1.0254708770E+00 1.4711872684E+38
2.5435240593E+14 8.2712140791E+32 1.0255889916E+00 1.4860544665E+38
2.5681225786E+14 8.5427425366E+32 1.0257097913E+00 1.5003734970E+38
2.5918716899E+14 8.8231847645E+32 1.0258333916E+00 1.5141964324E+38
2.6148588134E+14 9.1128333851E+32 1.0259599077E+00 1.5275742293E+38
2.6371686533E+14 9.4119906272E+32 1.0260894543E+00 1.5405562480E+38
2.6588829516E+14 9.7209686408E+32 1.0262221456E+00 1.5531901086E+38
2.6800805130E+14 1.0040089824E+33 1.0263580957E+00 1.5655217061E+38
2.7008369899E+14 1.0369687157E+33 1.0264974184E+00 1.5775950852E+38
2.7212250362E+14 1.0710104553E+33 1.0266402275E+00 1.5894525304E+38
2.7413145324E+14 1.1061697214E+33 1.0267866363E+00 1.6011346968E+38
2.7611730998E+14 1.1424832003E+33 1.0269367585E+00 1.6126809093E+38
2.7808655606E+14 1.1799887827E+33 1.0270907074E+00 1.6241288488E+38
2.8004546131E+14 1.2187256031E+33 1.0272485963E+00 1.6355149445E+38
2.8200013993E+14 1.2587340807E+33 1.0274105383E+00 1.6468747045E+38
2.8395654738E+14 1.3000559616E+33 1.0275766464E+00 1.6582426966E+38
2.8592048964E+14 1.3427343624E+33 1.0277470332E+00 1.6696526025E+38
2.8789768544E+14 1.3868138152E+33 1.0279218111E+00 1.6811375785E+38
2.8989380164E+14 1.4323403137E+33 1.0281010919E+00 1.6927304610E+38
2.9191444827E+14 1.4793613620E+33 1.0282849867E+00 1.7044637367E+38
2.9396520440E+14 1.5279260231E+33 1.0284736060E+00 1.7163696921E+38
2.9605166616E+14 1.5780849710E+33 1.0286670592E+00 1.7284806918E+38
2.9817945340E+14 1.6298905431E+33 1.0288654545E+00 1.7408292154E+38
3.0035421462E+14 1.6833967952E+33 1.0290688987E+00 1.7534478859E+38
3.0258167208E+14 1.7386595572E+33 1.0292774969E+00 1.7663697297E+38
3.0486762695E+14 1.7957364921E+33 1.0294913526E+00 1.7796282051E+38
3.0721792807E+14 1.8546871558E+33 1.0297105666E+00 1.7932570199E+38
3.0963851343E+14 1.9155730593E+33 1.0299352378E+00 1.8072903703E+38
3.1213540006E+14 1.9784577330E+33 1.0301654619E+00 1.8217628807E+38
3.1471465749E+14 2.0434067926E+33 1.0304013320E+00 1.8367094487E+38
3.1738238516E+14 2.1104880081E+33 1.0306429377E+00 1.8521651122E+38
3.2014470983E+14 2.1797713743E+33 1.0308903652E+00 1.8681650329E+38
3.2300767500E+14 2.2513291835E+33 1.0311436972E+00 1.8847438556E+38
3.2597720632E+14 2.3252361014E+33 1.0314030125E+00 1.9019355055E+38
3.2905910906E+14 2.4015692450E+33 1.0316683860E+00 1.9197731745E+38
3.3225890722E+14 2.4804082626E+33 1.0319398890E+00 1.9382883886E+38
3.3558177367E+14 2.5618354175E+33 1.0322175890E+00 1.9575106050E+38
3.3903235260E+14 2.6459356732E+33 1.0325015501E+00 1.9774661856E+38
3.4261472794E+14 2.7327967827E+33 1.0327918336E+00 1.9981782174E+38
3.4633224603E+14 2.8225093797E+33 1.0330884980E+00 2.0196654895E+38
3.5018722472E+14 2.9151670731E+33 1.0333916004E+00 2.0419408167E+38
3.5418098653E+14 3.0108665449E+33 1.0337011970E+00 2.0650112371E+38
3.5831360062E+14 3.1097076510E+33 1.0340173446E+00 2.0888765282E+38
3.6258364518E+14 3.2117935254E+33 1.0343401014E+00 2.1135278438E+38
3.6698816509E+14 3.3172306877E+33 1.0346695292E+00 2.1389474804E+38
3.7152243017E+14 3.4261291545E+33 1.0350056943E+00 2.1651074938E+38
3.7617990228E+14 3.5386025539E+33 1.0353486704E+00 2.1919695231E+38
3.8095214360E+14 3.6547682442E+33 1.0356985397E+00 2.2194842765E+38
3.8582872875E+14 3.7747474364E+33 1.0360553954E+00 2.2475910409E+38
3.9079731275E+14 3.8986653207E+33 1.0364193438E+00 2.2762180906E+38
3.9584368643E+14 4.0266511968E+33 1.0367905067E+00 2.3052830240E+38
4.0095191179E+14 4.1588386094E+33 1.0371690230E+00 2.3346935608E+38
4.0610451696E+14 4.2953654870E+33 1.0375550511E+00 2.3643486812E+38
4.1128275273E+14 4.4363742862E+33 1.0379487707E+00 2.3941401179E+38
4.1646699939E+14 4.5820121400E+33 1.0383503842E+00 2.4239547113E+38
4.2163707964E+14 4.7324310116E+33 1.0387601186E+00 2.4536762193E+38
4.2677257197E+14 4.8877878529E+33 1.0391782257E+00 2.4831871281E+38
4.3185335850E+14 5.0482447681E+33 1.0396049840E+00 2.5123718061E+38
4.3685994523E+14 5.2139691831E+33 1.0400406985E+00 2.5411183445E+38
4.4177397778E+14 5.3851340201E+33 1.0404857008E+00 2.5693215169E+38
4.4657853029E+14 5.5619178779E+33 1.0409403497E+00 2.5968844308E+38
4.5125833348E+14 5.7445052185E+33 1.0414050299E+00 2.6237198264E+38
4.5580022195E+14 5.9330865593E+33 1.0418801522E+00 2.6497526291E+38
4.6019323686E+14 6.1278586720E+33 1.0423661522E+00 2.6749205204E+38
4.6442866398E+14 6.3290247883E+33 1.0428634896E+00 2.6991741382E+38
4.6850017614E+14 6.5367948111E+33 1.0433726470E+00 2.7224778707E+38
4.7240384400E+14 6.7513855344E+33 1.0438941286E+00 2.7448098967E+38
4.7613791301E+14 6.9730208690E+33 1.0444284594E+00 2.7661608854E+38
4.7970269214E+14 7.2019320763E+33 1.0449761835E+00 2.7865333382E+38
4.8310039697E+14 7.4383580095E+33 1.0455378636E+00 2.8059406693E+38
4.8633488600E+14 7.6825453631E+33 1.0461140798E+00 2.8244056788E+38
4.8941149568E+14 7.9347489298E+33 1.0467054283E+00 2.8419595904E+38
4.9233676336E+14 8.1952318670E+33 1.0473125212E+00 2.8586404529E+38
4.9511807001E+14 8.4642659708E+33 1.0479359852E+00 2.8744910868E+38
4.9776354313E+14 8.7421319601E+33 1.0485764619E+00 2.8895585178E+38
5.0028184298E+14 9.0291197691E+33 1.0492346066E+00 2.9038927483E+38
5.0268189782E+14 9.3255288500E+33 1.0499110887E+00 2.9175452394E+38
5.0497276973E+14 9.6316684855E+33 1.0506065910E+00 2.9305681419E+38
5.0716350182E+14 9.9478581116E+33 1.0513218102E+00 2.9430134221E+38
5.0926300994E+14 1.0274427651E+34 1.0520574570E+00 2.9549322433E+38
5.1127999234E+14 1.0611717855E+34 1.0528142558E+00 2.9663744505E+38
5.1322285479E+14 1.0960080666E+34 1.0535929455E+00 2.9773881458E+38
5.1509967409E+14 1.1319879574E+34 1.0543942798E+00 2.9880194811E+38
5.1691814701E+14 1.1691490006E+34 1.0552190273E+00 2.9983123706E+38
5.1868556399E+14 1.2075299713E+34 1.0560679723E+00 3.0083083437E+38
5.2040883265E+14 1.2471709172E+34 1.0569419152E+00 3.0180466802E+38
5.2209445003E+14 1.2881132012E+34 1.0578416730E+00 3.0275642568E+38
5.2374852249E+14 1.3303995436E+34 1.0587680796E+00 3.0368956620E+38
5.2537678746E+14 1.3740740673E+34 1.0597219870E+00 3.0460733215E+38
5.2698461536E+14 1.4191823439E+34 1.0607042652E+00 3.0551275130E+38
5.2857705234E+14 1.4657714406E+34 1.0617158033E+00 3.0640866089E+38
5.3015882288E+14 1.5138899701E+34 1.0627575096E+00 3.0729770941E+38
5.3173434456E+14 1.5635881407E+34 1.0638303126E+00 3.0818236516E+38
5.3330775989E+14 1.6149178091E+34 1.0649351614E+00 3.0906493441E+38
5.3488296317E+14 1.6679325343E+34 1.0660730262E+00 3.0994757663E+38
5.3646361774E+14 1.7226876336E+34 1.0672448992E+00 3.1083231443E+38
5.3805315337E+14 1.7792402402E+34 1.0684517947E+00 3.1172103220E+38
5.3965479623E+14 1.8376493628E+34 1.0696947502E+00 3.1261549311E+38
5.4127158384E+14 1.8979759476E+34 1.0709748267E+00 3.1351734757E+38
5.4290637449E+14 1.9602829410E+34 1.0722931094E+00 3.1442813867E+38
5.4456186721E+14 2.0246353563E+34 1.0736507083E+00 3.1534931337E+38
5.4624058487E+14 2.0911003407E+34 1.0750487589E+00 3.1628221322E+38
5.4794489830E+14 2.1597472461E+34 1.0764884228E+00 3.1722808795E+38
5.4967705068E+14 2.2306477007E+34 1.0779708883E+00 3.1818810904E+38
5.5143913495E+14 2.3038756843E+34 1.0794973715E+00 3.1916335734E+38
5.5323311778E+14 2.3795076054E+34 1.0810691163E+00 3.2015483642E+38
5.5506083802E+14 2.4576223808E+34 1.0826873960E+00 3.2116347180E+38
5.5692401074E+14 2.5383015178E+34 1.0843535135E+00 3.2219011334E+38
5.5882424822E+14 2.6216291997E+34 1.0860688023E+00 3.2323554685E+38
5.6076304276E+14 2.7076923733E+34 1.0878346272E+00 3.2430048473E+38
5.6274178279E+14 2.7965808395E+34 1.0896523857E+00 3.2538557496E+38
5.6476176502E+14 2.8883873475E+34 1.0915235081E+00 3.2649140784E+38
5.6682419610E+14 2.9832076911E+34 1.0934494592E+00 3.2761851696E+38
5.6893020823E+14 3.0811408089E+34 1.0954317387E+00 3.2876738779E+38
5.7108086159E+14 3.1822888874E+34 1.0974718824E+00 3.2993845911E+38
5.7327714496E+14 3.2867574678E+34 1.0995714631E+00 3.3113212329E+38
5.7552000736E+14 3.3946555559E+34 1.1017320919E+00 3.3234874354E+38
5.7781034893E+14 3.5060957360E+34 1.1039554187E+00 3.3358864895E+38
5.8014904135E+14 3.6211942884E+34 1.1062431337E+00 3.3485214541E+38
5.8253695884E+14 3.7400713105E+34 1.1085969680E+00 3.3613953229E+38
5.8497495729E+14 3.8628508426E+34 1.1110186948E+00 3.3745109092E+38
5.8746389747E+14 3.9896609965E+34 1.1135101303E+00 3.3878709691E+38
5.9000468382E+14 4.1206340902E+34 1.1160731347E+00 3.4014784068E+38
5.9259826026E+14 4.2559067850E+34 1.1187096129E+00 3.4153362474E+38
5.9524562444E+14 4.3956202290E+34 1.1214215156E+00 3.4294477083E+38
5.9794785269E+14 4.5399202034E+34 1.1242108397E+00 3.4438163265E+38
6.0070610310E+14 4.6889572756E+34 1.1270796296E+00 3.4584459684E+38
6.0352166096E+14 4.8428869556E+34 1.1300299771E+00 3.4733410622E+38
6.0639594240E+14 5.0018698585E+34 1.1330640223E+00 3.4885066073E+38
6.0933048515E+14 5.1660718722E+34 1.1361839540E+00 3.5039481149E+38
6.1232699574E+14 5.3356643302E+34 1.1393920100E+00 3.5196718450E+38
6.1538737506E+14 5.5108241908E+34 1.1426904772E+00 3.5356849260E+38
6.1851372870E+14 5.6917342214E+34 1.1460816915E+00 3.5519953929E+38
6.2170836893E+14 5.8785831892E+34 1.1495680378E+00 3.5686121799E+38
6.2497383257E+14 6.0715660585E+34 1.1531519494E+00 3.5855451954E+38
6.2831291433E+14 6.2708841937E+34 1.1568359081E+00 3.6028054739E+38
6.3172868468E+14 6.4767455698E+34 1.1606224430E+00 3.6204052449E+38
6.3522449364E+14 6.6893649891E+34 1.1645141296E+00 3.6383579277E+38
6.3880398842E+14 6.9089643054E+34 1.1685135889E+00 3.6566781950E+38
6.4247113698E+14 7.1357726557E+34 1.1726234862E+00 3.6753820644E+38
6.4623024550E+14 7.3700266992E+34 1.1768465291E+00 3.6944869560E+38
6.5008596622E+14 7.6119708638E+34 1.1811854661E+00 3.7140116983E+38
6.5404331230E+14 7.8618576020E+34 1.1856430842E+00 3.7339765679E+38
6.5810768293E+14 8.1199476535E+34 1.1902222068E+00 3.7544033770E+38
6.6228488187E+14 8.3865103177E+34 1.1949256911E+00 3.7753155266E+38
6.6658115374E+14 8.6618237346E+34 1.1997564251E+00 3.7967381423E+38
6.7100317047E+14 8.9461751750E+34 1.2047173239E+00 3.8186979597E+38
6.7555807541E+14 9.2398613404E+34 1.2098113270E+00 3.8412234939E+38
6.8025351121E+14 9.5431886721E+34 1.2150413935E+00 3.8643451234E+38
6.8509759982E+14 9.8564736718E+34 1.2204104984E+00 3.8880949348E+38
6.9009902003E+14 1.0180043231E+35 1.2259216279E+00 3.9125070438E+38
6.9526701671E+14 1.0514234972E+35 1.2315777741E+00 3.9376175750E+38
7.0061138763E+14 1.0859397602E+35 1.2373819301E+00 3.9634645307E+38
7.0614251398E+14 1.1215891274E+35 1.2433370841E+00 3.9900878691E+38
7.1187137542E+14 1.1584087965E+35 1.2494462138E+00 4.0175295045E+38
7.1780955362E+14 1.1964371864E+35 1.2557122804E+00 4.0458332490E+38
7.2396920402E+14 1.2357139770E+35 1.2621382224E+00 4.0750446016E+38
7.3036303313E+14 1.2762801511E+35 1.2687269496E+00 4.1052105661E+38
7.3700426856E+14 1.3181780366E+35 1.2754813376E+00 4.1363794360E+38
7.4390657719E+14 1.3614513512E+35 1.2824042222E+00 4.1686003415E+38
7.5108399827E+14 1.4061452476E+35 1.2894983949E+00 4.2019228743E+38
7.5855081929E+14 1.4523063609E+35 1.2967665993E+00 4.2363964576E+38
7.6632144000E+14 1.4999828571E+35 1.3042115284E+00 4.2720696782E+38
7.7441014131E+14 1.5492244832E+35 1.3118358242E+00 4.3089892023E+38
7.8283093504E+14 1.6000826196E+35 1.3196420793E+00 4.3471990915E+38
7.9159730468E+14 1.6526103334E+35 1.3276328399E+00 4.3867396483E+38
8.0072193337E+14 1.7068624335E+35 1.3358106131E+00 4.4276462432E+38
8.1021645425E+14 1.7628955285E+35 1.3441778752E+00 4.4699482810E+38
8.2009113170E+14 1.8207680849E+35 1.3527370852E+00 4.5136679012E+38
8.3035458623E+14 1.8805404889E+35 1.3614906995E+00 4.5588189174E+38
8.4101349404E+14 1.9422751089E+35 1.3704411915E+00 4.6054056914E+38
8.5207240255E+14 2.0060363608E+35 1.3795910732E+00 4.6534225580E+38
8.6353348267E+14 2.0718907751E+35 1.3889429194E+00 4.7028530085E+38
8.7539648316E+14 2.1399070664E+35 1.3984993940E+00 4.7536697813E+38
8.8765869159E+14 2.2101562051E+35 1.4082632773E+00 4.8058349920E+38
9.0031492457E+14 2.2827114913E+35 1.4182374936E+00 4.8593003975E+38
9.1335779201E+14 2.3576486317E+35 1.4284251382E+00 4.9140088140E+38
9.2677795184E+14 2.4350458179E+35 1.4388295023E+00 4.9698954600E+38
9.4056436398E+14 2.5149838086E+35 1.4494540958E+00 5.0268892593E+38
9.5470483747E+14 2.5975460138E+35 1.4603026665E+00 5.0849153110E+38
9.6918658393E+14 2.6828185815E+35 1.4713792148E+00 5.1438973016E+38
9.8399668441E+14 2.7708904878E+35 1.4826880030E+00 5.2037594831E+38
9.9912263234E+14 2.8618536297E+35 1.4942335608E+00 5.2644288829E+38
1.0145530133E+15 2.9558029211E+35 1.5060206850E+00 5.3258379733E+38
1.0302779851E+15 3.0528363916E+35 1.5180544340E+00 5.3879264433E+38
1.0462896954E+15 3.1530552892E+35 1.5303401178E+00 5.4506426507E+38
1.0625827261E+15 3.2565641853E+35 1.5428832845E+00 5.5139451075E+38
1.0791543630E+15 3.3634710845E+35 1.5556897031E+00 5.5778032194E+38
1.0960047825E+15 3.4738875369E+35 1.5687653444E+00 5.6421976637E+38
1.1131371854E+15 3.5879287544E+35 1.5821163599E+00 5.7071205327E+38
1.1305579268E+15 3.7057137315E+35 1.5957490599E+00 5.7725754392E+38
1.1482763291E+15 3.8273653685E+35 1.6096698908E+00 5.8385764178E+38
1.1663045255E+15 3.9530106009E+35 1.6238854146E+00 5.9051469653E+38
1.1846574173E+15 4.0827805307E+35 1.6384022883E+00 5.9723195257E+38
1.2033524173E+15 4.2168105642E+35 1.6532272455E+00 6.0401342001E+38
1.2224092122E+15 4.3552405525E+35 1.6683670785E+00 6.1086375677E+38
1.2418495741E+15 4.4982149378E+35 1.6838286241E+00 6.1778817214E+38
1.2616970999E+15 4.6458829043E+35 1.6996187499E+00 6.2479230772E+38
1.2819770217E+15 4.7983985334E+35 1.7157443431E+00 6.3188214785E+38
1.3027160386E+15 4.9559209648E+35 1.7322123015E+00 6.3906394041E+38
1.3239421661E+15 5.1186145623E+35 1.7490295253E+00 6.4634412673E+38
1.3456845784E+15 5.2866490858E+35 1.7662029107E+00 6.5372927160E+38
1.3679735175E+15 5.4601998678E+35 1.7837393450E+00 6.6122601863E+38
1.3908402486E+15 5.6394479968E+35 1.8016457026E+00 6.6884106288E+38
1.4143170051E+15 5.8245805058E+35 1.8199288415E+00 6.7658112078E+38
1.4384369943E+15 6.0157905682E+35 1.8385956008E+00 6.8445292122E+38
1.4632343845E+15 6.2132776986E+35 1.8576527981E+00 6.9246319084E+38
1.4887443150E+15 6.4172479614E+35 1.8771072277E+00 7.0061864696E+38
1.5150030451E+15 6.6279141857E+35 1.8969656584E+00 7.0892603480E+38
1.5420479910E+15 6.8454961873E+35 1.9172348311E+00 7.1739212744E+38
1.5699177708E+15 7.0702209983E+35 1.9379214563E+00 7.2602372785E+38
1.5986523707E+15 7.3023231037E+35 1.9590322115E+00 7.3482770792E+38
1.6282932433E+15 7.5420446862E+35 1.9805737373E+00 7.4381102434E+38
1.6588834172E+15 7.7896358790E+35 2.0025526345E+00 7.5298073676E+38
1.6904676421E+15 8.0453550267E+35 2.0249754587E+00 7.6234403503E+38
1.7230925713E+15 8.3094689547E+35 2.0478487164E+00 7.7190827552E+38
1.7568069088E+15 8.5822532481E+35 2.0711788585E+00 7.8168100466E+38
1.7916615943E+15 8.8639925385E+35 2.0949722738E+00 7.9166999149E+38
1.8277099349E+15 9.1549808019E+35 2.1192352823E+00 8.0188324271E+38
1.8650077361E+15 9.4555216647E+35 2.1439741275E+00 8.1232901585E+38
1.9036136063E+15 9.7659287207E+35 2.1691949682E+00 8.2301587928E+38
1.9435891551E+15 1.0086525859E+36 2.1949038688E+00 8.3395273873E+38
1.9849990637E+15 1.0417647600E+36 2.2211067898E+00 8.4514882706E+38
2.0279113260E+15 1.0759639447E+36 2.2478095780E+00 8.5661373913E+38
2.0723975815E+15 1.1112858246E+36 2.2750179552E+00 8.6835748821E+38
2.1185331467E+15 1.1477672556E+36 2.3027375073E+00 8.8039047933E+38
2.1663973511E+15 1.1854463036E+36 2.3309736725E+00 8.9272356173E+38
2.2160737557E+15 1.2243622842E+36 2.3597317294E+00 9.0536804725E+38
2.2676502414E+15 1.2645558035E+36 2.3890167847E+00 9.1833569392E+38
2.3212194481E+15 1.3060688006E+36 2.4188337616E+00 9.3163877636E+38
2.3768787923E+15 1.3489445917E+36 2.4491873863E+00 9.4529004773E+38
2.4347307572E+15 1.3932279147E+36 2.4800821772E+00 9.5930276862E+38
2.4948832111E+15 1.4389649761E+36 2.5115224325E+00 9.7369073996E+38
2.5574496312E+15 1.4862034996E+36 2.5435122178E+00 9.8846831040E+38
2.6225492499E+15 1.5349927752E+36 2.5760553550E+00 1.0036503641E+39
2.6903071970E+15 1.5853837114E+36 2.6091554123E+00 1.0192523070E+39
2.7608547766E+15 1.6374288875E+36 2.6428156944E+00 1.0352900837E+39
2.8343295640E+15 1.6911826092E+36 2.6770392348E+00 1.0517801517E+39
2.9108756496E+15 1.7467009649E+36 2.7118287885E+00 1.0687394890E+39
2.9906436598E+15 1.8040418842E+36 2.7471868266E+00 1.0861855512E+39
3.0737906320E+15 1.8632651984E+36 2.7831155343E+00 1.1041361990E+39
3.1604801121E+15 1.9244327030E+36 2.8196168107E+00 1.1226096770E+39
3.2508821388E+15 1.9876082221E+36 2.8566922717E+00 1.1416245697E+39
3.3451725615E+15 2.0528576751E+36 2.8943432568E+00 1.1611996204E+39
3.4435330529E+15 2.1202491454E+36 2.9325708415E+00 1.1813537047E+39
3.5461507973E+15 2.1898529514E+36 2.9713758512E+00 1.2021057394E+39
3.6532175109E+15 2.2617417199E+36 3.0107588825E+00 1.2234744637E+39
3.7649283225E+15 2.3359904619E+36 3.0507203311E+00 1.2454782080E+39
3.8814813548E+15 2.4126766510E+36 3.0912604265E+00 1.2681348131E+39
4.0030765355E+15 2.4918803039E+36 3.1323792710E+00 1.2914614085E+39
4.1299144688E+15 2.5736840644E+36 3.1740768854E+00 1.3154742171E+39
4.2621948105E+15 2.6581732890E+36 3.2163532619E+00 1.3401882811E+39
4.4001147157E+15 2.7454361365E+36 3.2592084245E+00 1.3656172206E+39
4.5438680604E+15 2.8355636597E+36 3.3026424924E+00 1.3917731500E+39
4.6936430958E+15 2.9286499007E+36 3.3466557495E+00 1.4186663209E+39
4.8496212575E+15 3.0247919885E+36 3.3912487189E+00 1.4463049948E+39
5.0119755644E+15 3.1240902408E+36 3.4364222387E+00 1.4746952548E+39
5.1808701996E+15 3.2266482687E+36 3.4821775390E+00 1.5038410356E+39
5.3564589006E+15 3.3325730844E+36 3.5285163160E+00 1.5337439517E+39
5.5388834149E+15 3.4419752133E+36 3.5754408084E+00 1.5644031506E+39
5.7282748272E+15 3.5549688091E+36 3.6229538668E+00 1.5958156536E+39
5.9247520846E+15 3.6716717729E+36 3.6710590165E+00 1.6279762192E+39
6.1284219275E+15 3.7922058763E+36 3.7197605177E+00 1.6608774442E+39
6.3393807103E+15 3.9166968884E+36 3.7690634144E+00 1.6945101626E+39
6.5577143361E+15 4.0452747071E+36 3.8189735746E+00 1.7288635232E+39
6.7835004835E+15 4.1780734947E+36 3.8694977198E+00 1.7639254205E+39
7.0168106847E+15 4.3152318175E+36 3.9206434418E+00 1.7996828762E+39
7.2577092792E+15 4.4568927911E+36 3.9724192146E+00 1.8361219247E+39
7.5062579003E+15 4.6032042289E+36 4.0248343966E+00 1.8732283328E+39
7.7625201114E+15 4.7543187971E+36 4.0778992143E+00 1.9109882954E+39
8.0265581217E+15 4.9103941733E+36 4.1316247424E+00 1.9493879354E+39
8.2984374526E+15 5.0715932117E+36 4.1860228841E+00 1.9884139751E+39
8.5782321198E+15 5.2380841124E+36 4.2411063337E+00 2.0280544382E+39
8.8660221315E+15 5.4100405973E+36 4.2968885369E+00 2.0682982306E+39
9.1618977143E+15 5.5876420914E+36 4.3533836524E+00 2.1091356749E+39
9.4659621865E+15 5.7710739097E+36 4.4106065043E+00 2.1505588253E+39
9.7783304022E+15 5.9605274508E+36 4.4685725359E+00 2.1925611638E+39
1.0099133663E+16 6.1562003966E+36 4.5272977641E+00 2.2351381726E+39
1.0428520842E+16 6.3582969185E+36 4.5867987263E+00 2.2782873709E+39
1.0766656465E+16 6.5670278906E+36 4.6470924348E+00 2.3220079526E+39
1.1113723653E+16 6.7826111092E+36 4.7081963346E+00 2.3663010651E+39
1.1469924120E+16 7.0052715209E+36 4.7701282599E+00 2.4111696961E+39
1.1835480276E+16 7.2352414566E+36 4.8329063928E+00 2.4566188266E+39
1.2210634996E+16 7.4727608744E+36 4.8965492227E+00 2.5026552838E+39
1.2595650517E+16 7.7180776095E+36 4.9610755127E+00 2.5492874955E+39
1.2990810445E+16 7.9714476333E+36 5.0265042676E+00 2.5965256278E+39
1.3396420046E+16 8.2331353201E+36 5.0928547029E+00 2.6443815090E+39
1.3812806941E+16 8.5034137233E+36 5.1601462154E+00 2.6928686023E+39
1.4240319287E+16 8.7825648600E+36 5.2283983589E+00 2.7420016874E+39
1.4679328339E+16 9.0708800053E+36 5.2976308220E+00 2.7917970575E+39
1.5130227337E+16 9.3686599965E+36 5.3678634065E+00 2.8422722877E+39
1.5593428617E+16 9.6762155467E+36 5.4391160145E+00 2.8934458210E+39
1.6069368327E+16 9.9938675693E+36 5.5114086351E+00 2.9453374060E+39
1.6558503254E+16 1.0321947513E+37 5.5847613316E+00 2.9979676558E+39
1.7061309505E+16 1.0660797705E+37 5.6591942364E+00 3.0513578291E+39
1.7578283902E+16 1.1010771715E+37 5.7347275483E+00 3.1055299079E+39
1.8109939894E+16 1.1372234716E+37 5.8113815345E+00 3.1605061013E+39
1.8656806684E+16 1.1745563869E+37 5.8891765404E+00 3.2163087080E+39
1.9219426635E+16 1.2131148719E+37 5.9681330046E+00 3.2729598123E+39
1.9798354131E+16 1.2529391597E+37 6.0482714792E+00 3.3304811448E+39
2.0394151039E+16 1.2940708042E+37 6.1296126570E+00 3.3888936178E+39
2.1007382284E+16 1.3365527236E+37 6.2121774097E+00 3.4482169023E+39
2.1638612462E+16 1.3804292447E+37 6.2959868334E+00 3.5084691325E+39
2.2288400683E+16 1.4257461498E+37 6.3810623039E+00 3.5696664640E+39
2.2957294207E+16 1.4725507240E+37 6.4674255419E+00 3.6318225521E+39
2.3645821967E+16 1.5208918046E+37 6.5550986907E+00 3.6949480555E+39
2.4354487830E+16 1.5708198323E+37 6.6441044044E+00 3.7590501544E+39
2.5083765366E+16 1.6223869036E+37 6.7344659455E+00 3.8241322387E+39
2.5834091350E+16 1.6756468252E+37 6.8262072901E+00 3.8901935110E+39
2.6605857258E+16 1.7306551702E+37 6.9193532433E+00 3.9572284488E+39
2.7399407112E+16 1.7874693361E+37 7.0139295603E+00 4.0252268525E+39
2.8215032437E+16 1.8461486046E+37 7.1099630687E+00 4.0941736548E+39
2.9052972466E+16 1.9067542035E+37 7.2074817894E+00 4.1640491878E+39
2.9913414258E+16 1.9693493706E+37 7.3065150520E+00 4.2348294343E+39
3.0796495666E+16 2.0339994198E+37 7.4070936013E+00 4.3064865003E+39
3.1702315442E+16 2.1007718089E+37 7.5092496879E+00 4.3789896366E+39
3.2630942831E+16 2.1697362104E+37 7.6130171364E+00 4.4523061560E+39
3.3582432139E+16 2.2409645840E+37 7.7184313900E+00 4.5264026826E+39
3.4556840543E+16 2.3145312515E+37 7.8255295263E+00 4.6012465686E+39
3.5554247025E+16 2.3905129750E+37 7.9343502408E+00 4.6768073010E+39
3.6574775953E+16 2.4689890360E+37 8.0449337983E+00 4.7530581597E+39
3.7618622404E+16 2.5500413190E+37 8.1573219462E+00 4.8299778850E+39
3.8686072191E+16 2.6337543966E+37 8.2715577974E+00 4.9075518404E+39
3.9777522238E+16 2.7202156176E+37 8.3876856877E+00 4.9857731081E+39
4.0893499518E+16 2.8095151985E+37 8.5057510102E+00 5.0646433955E+39
4.2034675089E+16 2.9017463172E+37 8.6258000349E+00 5.1441735202E+39
4.3201872935E+16 2.9970052108E+37 8.7478797192E+00 5.2243834868E+39
4.4396075030E+16 3.0953912753E+37 8.8720375199E+00 5.3053022818E+39
4.5618416702E+16 3.1970071699E+37 8.9983212153E+00 5.3869670149E+39
4.6870183400E+16 3.3019589239E+37 9.1267787435E+00 5.4694221914E+39
4.8152803172E+16 3.4103560473E+37 9.2574580591E+00 5.5527187382E+39
4.9467829685E+16 3.5223116452E+37 9.3904070157E+00 5.6369124738E+39
5.0816928736E+16 3.6379425355E+37 9.5256732794E+00 5.7220628915E+39
5.2201862870E+16 3.7573693712E+37 9.6633042698E+00 5.8082318958E+39
5.3624475698E+16 3.8807167661E+37 9.8033471283E+00 5.8954826012E+39
5.5086676204E+16 4.0081134248E+37 9.9458487136E+00 5.9838782061E+39
5.6590426760E+16 4.1396922771E+37 1.0090855619E+01 6.0734811639E+39
5.8137732964E+16 4.2755906166E+37 1.0238414211E+01 6.1643525167E+39
5.9730634515E+16 4.4159502438E+37 1.0388570677E+01 6.2565513365E+39
6.1371199463E+16 4.5609176146E+37 1.0541371090E+01 6.3501343992E+39
6.3061521032E+16 4.7106439924E+37 1.0696861477E+01 6.4451560292E+39
6.4803715193E+16 4.8652856067E+37 1.0855087895E+01 6.5416679995E+39
6.6599921253E+16 5.0250038153E+37 1.1016096503E+01 6.6397196061E+39
6.8452304156E+16 5.1899652734E+37 1.1179933639E+01 6.7393578335E+39
7.0363056471E+16 5.3603421070E+37 1.1346645888E+01 6.8406274944E+39
7.2334402092E+16 5.5363120928E+37 1.1516280154E+01 6.9435714517E+39
7.4368600808E+16 5.7180588434E+37 1.1688883722E+01 7.0482308714E+39
7.6467952882E+16 5.9057719993E+37 1.1864504314E+01 7.1546454603E+39
7.8634803619E+16 6.0996474262E+37 1.2043190148E+01 7.2628536866E+39
8.0871548292E+16 6.2998874202E+37 1.2224989985E+01 7.3728930035E+39
8.3180636889E+16 6.5067009178E+37 1.2409953175E+01 7.4848000482E+39
8.5564578905E+16 6.7203037150E+37 1.2598129700E+01 7.5986108281E+39
8.8025948025E+16 6.9409186917E+37 1.2789570207E+01 7.7143608883E+39
9.0567386757E+16 7.1687760447E+37 1.2984326048E+01 7.8320854633E+39
9.3191610693E+16 7.4041135275E+37 1.3182449310E+01 7.9518195992E+39
9.5901412707E+16 7.6471766989E+37 1.3383992844E+01 8.0735982629E+39
9.8699667343E+16 7.8982191786E+37 1.3589010292E+01 8.1974564491E+39
1.0158933481E+17 8.1575029125E+37 1.3797556114E+01 8.3234292611E+39
1.0457346503E+17 8.4252984455E+37 1.4009685612E+01 8.4515519834E+39
1.0765520166E+17 8.7018852040E+37 1.4225454954E+01 8.5818601493E+39
1.1083778611E+17 8.9875517874E+37 1.4444921193E+01 8.7143895957E+39
